SNvalue,SNerror,Nb_observations,Time
186,0,186,1992-01-01
190,18,172,1992-01-02
234,26,208,1992-01-03
243,54,189,1992-01-04
242,58,184,1992-01-05
245,79,166,1992-01-06
251,124,127,1992-01-07
270,132,138,1992-01-08
255,123,132,1992-01-09
242,123,119,1992-01-10
205,91,114,1992-01-11
189,79,110,1992-01-12
188,75,113,1992-01-13
143,42,101,1992-01-14
141,34,107,1992-01-15
115,26,89,1992-01-16
100,30,70,1992-01-17
94,26,68,1992-01-18
116,47,69,1992-01-19
152,78,74,1992-01-20
188,77,111,1992-01-21
168,56,112,1992-01-22
155,60,95,1992-01-23
148,54,94,1992-01-24
168,63,105,1992-01-25
196,62,134,1992-01-26
229,82,147,1992-01-27
247,88,159,1992-01-28
259,90,169,1992-01-29
290,91,199,1992-01-30
297,88,209,1992-01-31
341,96,245,1992-02-01
316,94,222,1992-02-02
278,80,198,1992-02-03
255,59,196,1992-02-04
235,43,192,1992-02-05
228,47,181,1992-02-06
225,64,161,1992-02-07
256,92,164,1992-02-08
268,107,161,1992-02-09
248,116,132,1992-02-10
261,128,133,1992-02-11
202,107,95,1992-02-12
212,105,107,1992-02-13
196,73,123,1992-02-14
159,63,96,1992-02-15
157,61,96,1992-02-16
156,56,100,1992-02-17
142,37,105,1992-02-18
145,55,90,1992-02-19
168,67,101,1992-02-20
196,89,107,1992-02-21
206,114,92,1992-02-22
215,130,85,1992-02-23
269,169,100,1992-02-24
275,170,105,1992-02-25
281,184,97,1992-02-26
275,175,100,1992-02-27
273,150,123,1992-02-28
252,133,119,1992-02-29
235,120,115,1992-03-01
175,79,96,1992-03-02
150,69,81,1992-03-03
130,64,66,1992-03-04
92,55,37,1992-03-05
98,60,38,1992-03-06
146,72,74,1992-03-07
150,48,102,1992-03-08
167,48,119,1992-03-09
177,42,135,1992-03-10
173,41,132,1992-03-11
177,37,140,1992-03-12
195,33,162,1992-03-13
184,30,154,1992-03-14
156,24,132,1992-03-15
151,27,124,1992-03-16
120,35,85,1992-03-17
106,28,78,1992-03-18
110,45,65,1992-03-19
124,63,61,1992-03-20
129,69,60,1992-03-21
127,65,62,1992-03-22
130,81,49,1992-03-23
154,106,48,1992-03-24
168,103,65,1992-03-25
164,81,83,1992-03-26
157,72,85,1992-03-27
156,74,82,1992-03-28
171,65,106,1992-03-29
151,49,102,1992-03-30
157,48,109,1992-03-31
147,41,106,1992-04-01
135,48,87,1992-04-02
125,48,77,1992-04-03
91,41,50,1992-04-04
71,21,50,1992-04-05
86,20,66,1992-04-06
91,18,73,1992-04-07
81,0,81,1992-04-08
83,0,83,1992-04-09
77,13,64,1992-04-10
88,13,75,1992-04-11
94,14,80,1992-04-12
97,26,71,1992-04-13
107,37,70,1992-04-14
117,39,78,1992-04-15
138,34,104,1992-04-16
167,41,126,1992-04-17
184,37,147,1992-04-18
198,43,155,1992-04-19
232,46,186,1992-04-20
251,37,214,1992-04-21
244,37,207,1992-04-22
237,46,191,1992-04-23
208,54,154,1992-04-24
227,74,153,1992-04-25
175,71,104,1992-04-26
137,70,67,1992-04-27
138,57,81,1992-04-28
127,41,86,1992-04-29
114,36,78,1992-04-30
113,44,69,1992-05-01
110,41,69,1992-05-02
115,32,83,1992-05-03
125,27,98,1992-05-04
123,26,97,1992-05-05
119,14,105,1992-05-06
92,9,83,1992-05-07
105,18,87,1992-05-08
101,29,72,1992-05-09
93,24,69,1992-05-10
87,24,63,1992-05-11
102,15,87,1992-05-12
111,26,85,1992-05-13
100,13,87,1992-05-14
83,0,83,1992-05-15
58,0,58,1992-05-16
52,0,52,1992-05-17
75,15,60,1992-05-18
69,28,41,1992-05-19
75,42,33,1992-05-20
141,60,81,1992-05-21
136,64,72,1992-05-22
145,54,91,1992-05-23
127,46,81,1992-05-24
84,48,36,1992-05-25
73,41,32,1992-05-26
102,64,38,1992-05-27
75,48,27,1992-05-28
52,39,13,1992-05-29
38,11,27,1992-05-30
42,22,20,1992-05-31
47,32,15,1992-06-01
57,41,16,1992-06-02
109,80,29,1992-06-03
112,80,32,1992-06-04
123,84,39,1992-06-05
106,91,15,1992-06-06
97,82,15,1992-06-07
91,77,14,1992-06-08
106,91,15,1992-06-09
112,88,24,1992-06-10
124,83,41,1992-06-11
154,88,66,1992-06-12
130,70,60,1992-06-13
116,71,45,1992-06-14
91,44,47,1992-06-15
97,41,56,1992-06-16
97,39,58,1992-06-17
89,33,56,1992-06-18
95,36,59,1992-06-19
85,38,47,1992-06-20
83,45,38,1992-06-21
104,68,36,1992-06-22
110,72,38,1992-06-23
106,82,24,1992-06-24
97,79,18,1992-06-25
89,74,15,1992-06-26
57,44,13,1992-06-27
65,48,17,1992-06-28
106,94,12,1992-06-29
101,84,17,1992-06-30
104,88,16,1992-07-01
88,77,11,1992-07-02
84,84,0,1992-07-03
95,84,11,1992-07-04
104,85,19,1992-07-05
103,70,33,1992-07-06
105,56,49,1992-07-07
111,35,76,1992-07-08
136,29,107,1992-07-09
172,21,151,1992-07-10
177,28,149,1992-07-11
176,28,148,1992-07-12
168,37,131,1992-07-13
201,41,160,1992-07-14
214,73,141,1992-07-15
212,91,121,1992-07-16
186,90,96,1992-07-17
136,76,60,1992-07-18
117,65,52,1992-07-19
88,56,32,1992-07-20
87,55,32,1992-07-21
89,53,36,1992-07-22
72,49,23,1992-07-23
57,34,23,1992-07-24
49,32,17,1992-07-25
72,41,31,1992-07-26
81,42,39,1992-07-27
71,38,33,1992-07-28
52,33,19,1992-07-29
63,47,16,1992-07-30
71,42,29,1992-07-31
93,47,46,1992-08-01
128,60,68,1992-08-02
147,63,84,1992-08-03
147,59,88,1992-08-04
134,48,86,1992-08-05
127,49,78,1992-08-06
123,39,84,1992-08-07
132,17,115,1992-08-08
132,0,132,1992-08-09
105,0,105,1992-08-10
85,13,72,1992-08-11
76,27,49,1992-08-12
87,33,54,1992-08-13
117,60,57,1992-08-14
108,68,40,1992-08-15
137,103,34,1992-08-16
128,105,23,1992-08-17
101,90,11,1992-08-18
98,85,13,1992-08-19
84,73,11,1992-08-20
68,55,13,1992-08-21
63,52,11,1992-08-22
51,38,13,1992-08-23
54,41,13,1992-08-24
28,17,11,1992-08-25
43,24,19,1992-08-26
48,32,16,1992-08-27
47,47,0,1992-08-28
57,44,13,1992-08-29
50,31,19,1992-08-30
51,21,30,1992-08-31
69,15,54,1992-09-01
72,0,72,1992-09-02
65,0,65,1992-09-03
68,15,53,1992-09-04
69,13,56,1992-09-05
77,16,61,1992-09-06
65,13,52,1992-09-07
56,21,35,1992-09-08
84,43,41,1992-09-09
79,51,28,1992-09-10
87,49,38,1992-09-11
93,50,43,1992-09-12
113,66,47,1992-09-13
113,63,50,1992-09-14
110,51,59,1992-09-15
112,57,55,1992-09-16
91,48,43,1992-09-17
79,37,42,1992-09-18
93,35,58,1992-09-19
91,32,59,1992-09-20
96,27,69,1992-09-21
97,21,76,1992-09-22
131,35,96,1992-09-23
132,32,100,1992-09-24
110,28,82,1992-09-25
124,28,96,1992-09-26
127,37,90,1992-09-27
91,29,62,1992-09-28
106,46,60,1992-09-29
119,66,53,1992-09-30
128,77,51,1992-10-01
147,80,67,1992-10-02
143,90,53,1992-10-03
158,92,66,1992-10-04
183,95,88,1992-10-05
170,78,92,1992-10-06
155,65,90,1992-10-07
132,60,72,1992-10-08
137,45,92,1992-10-09
110,33,77,1992-10-10
86,15,71,1992-10-11
62,14,48,1992-10-12
54,17,37,1992-10-13
65,32,33,1992-10-14
60,32,28,1992-10-15
81,48,33,1992-10-16
83,50,33,1992-10-17
110,59,51,1992-10-18
138,87,51,1992-10-19
113,65,48,1992-10-20
147,75,72,1992-10-21
156,74,82,1992-10-22
143,72,71,1992-10-23
171,78,93,1992-10-24
170,69,101,1992-10-25
188,60,128,1992-10-26
207,62,145,1992-10-27
197,44,153,1992-10-28
167,18,149,1992-10-29
150,23,127,1992-10-30
123,17,106,1992-10-31
147,34,113,1992-11-01
124,20,104,1992-11-02
96,14,82,1992-11-03
121,15,106,1992-11-04
134,25,109,1992-11-05
134,20,114,1992-11-06
136,21,115,1992-11-07
104,25,79,1992-11-08
107,44,63,1992-11-09
104,48,56,1992-11-10
119,65,54,1992-11-11
117,49,68,1992-11-12
88,35,53,1992-11-13
97,31,66,1992-11-14
99,30,69,1992-11-15
119,30,89,1992-11-16
141,20,121,1992-11-17
144,14,130,1992-11-18
152,14,138,1992-11-19
138,13,125,1992-11-20
120,14,106,1992-11-21
134,20,114,1992-11-22
162,15,147,1992-11-23
172,31,141,1992-11-24
176,39,137,1992-11-25
164,42,122,1992-11-26
164,59,105,1992-11-27
140,54,86,1992-11-28
130,52,78,1992-11-29
104,52,52,1992-11-30
96,55,41,1992-12-01
83,50,33,1992-12-02
87,43,44,1992-12-03
87,37,50,1992-12-04
75,24,51,1992-12-05
71,16,55,1992-12-06
50,0,50,1992-12-07
93,12,81,1992-12-08
134,12,122,1992-12-09
146,13,133,1992-12-10
171,15,156,1992-12-11
161,15,146,1992-12-12
167,13,154,1992-12-13
170,16,154,1992-12-14
165,13,152,1992-12-15
161,15,146,1992-12-16
155,12,143,1992-12-17
145,25,120,1992-12-18
143,40,103,1992-12-19
143,53,90,1992-12-20
124,46,78,1992-12-21
134,46,88,1992-12-22
117,16,101,1992-12-23
115,28,87,1992-12-24
120,39,81,1992-12-25
133,69,64,1992-12-26
108,58,50,1992-12-27
127,65,62,1992-12-28
115,62,53,1992-12-29
102,58,44,1992-12-30
83,43,40,1992-12-31
63,12,51,1993-01-01
56,12,44,1993-01-02
52,11,41,1993-01-03
71,22,49,1993-01-04
98,14,84,1993-01-05
115,11,104,1993-01-06
111,36,75,1993-01-07
122,37,85,1993-01-08
129,41,88,1993-01-09
137,47,90,1993-01-10
125,51,74,1993-01-11
129,47,82,1993-01-12
132,40,92,1993-01-13
95,29,66,1993-01-14
80,22,58,1993-01-15
81,23,58,1993-01-16
85,27,58,1993-01-17
91,23,68,1993-01-18
93,23,70,1993-01-19
71,11,60,1993-01-20
65,10,55,1993-01-21
47,11,36,1993-01-22
41,11,30,1993-01-23
62,26,36,1993-01-24
70,37,33,1993-01-25
51,25,26,1993-01-26
59,11,48,1993-01-27
51,0,51,1993-01-28
48,0,48,1993-01-29
49,0,49,1993-01-30
44,0,44,1993-01-31
31,0,31,1993-02-01
48,14,34,1993-02-02
103,68,35,1993-02-03
119,80,39,1993-02-04
167,97,70,1993-02-05
170,104,66,1993-02-06
180,114,66,1993-02-07
188,126,62,1993-02-08
177,104,73,1993-02-09
160,86,74,1993-02-10
133,64,69,1993-02-11
136,73,63,1993-02-12
129,67,62,1993-02-13
115,55,60,1993-02-14
103,38,65,1993-02-15
124,55,69,1993-02-16
96,48,48,1993-02-17
112,55,57,1993-02-18
124,47,77,1993-02-19
136,38,98,1993-02-20
129,50,79,1993-02-21
140,60,80,1993-02-22
142,69,73,1993-02-23
126,52,74,1993-02-24
124,59,65,1993-02-25
121,63,58,1993-02-26
121,69,52,1993-02-27
124,72,52,1993-02-28
112,74,38,1993-03-01
117,85,32,1993-03-02
123,73,50,1993-03-03
136,75,61,1993-03-04
154,72,82,1993-03-05
141,53,88,1993-03-06
136,45,91,1993-03-07
120,44,76,1993-03-08
125,40,85,1993-03-09
119,38,81,1993-03-10
126,56,70,1993-03-11
113,56,57,1993-03-12
98,54,44,1993-03-13
82,61,21,1993-03-14
88,51,37,1993-03-15
82,44,38,1993-03-16
88,43,45,1993-03-17
101,41,60,1993-03-18
106,40,66,1993-03-19
103,49,54,1993-03-20
114,63,51,1993-03-21
107,53,54,1993-03-22
92,37,55,1993-03-23
62,19,43,1993-03-24
59,37,22,1993-03-25
67,47,20,1993-03-26
75,47,28,1993-03-27
75,46,29,1993-03-28
79,51,28,1993-03-29
85,47,38,1993-03-30
90,38,52,1993-03-31
102,32,70,1993-04-01
102,33,69,1993-04-02
114,18,96,1993-04-03
102,14,88,1993-04-04
114,14,100,1993-04-05
135,12,123,1993-04-06
120,0,120,1993-04-07
123,15,108,1993-04-08
132,33,99,1993-04-09
120,29,91,1993-04-10
85,30,55,1993-04-11
56,29,27,1993-04-12
33,17,16,1993-04-13
23,12,11,1993-04-14
20,20,0,1993-04-15
20,20,0,1993-04-16
52,40,12,1993-04-17
74,44,30,1993-04-18
77,33,44,1993-04-19
135,59,76,1993-04-20
149,55,94,1993-04-21
141,50,91,1993-04-22
146,55,91,1993-04-23
149,58,91,1993-04-24
133,57,76,1993-04-25
80,45,35,1993-04-26
94,36,58,1993-04-27
82,36,46,1993-04-28
62,17,45,1993-04-29
58,15,43,1993-04-30
42,20,22,1993-05-01
41,21,20,1993-05-02
54,28,26,1993-05-03
89,39,50,1993-05-04
99,40,59,1993-05-05
96,51,45,1993-05-06
95,65,30,1993-05-07
104,80,24,1993-05-08
112,86,26,1993-05-09
154,110,44,1993-05-10
161,116,45,1993-05-11
149,108,41,1993-05-12
109,95,14,1993-05-13
76,63,13,1993-05-14
66,66,0,1993-05-15
48,48,0,1993-05-16
41,41,0,1993-05-17
31,18,13,1993-05-18
18,9,9,1993-05-19
42,29,13,1993-05-20
32,18,14,1993-05-21
24,14,10,1993-05-22
28,17,11,1993-05-23
42,29,13,1993-05-24
68,56,12,1993-05-25
85,61,24,1993-05-26
76,76,0,1993-05-27
95,95,0,1993-05-28
117,107,10,1993-05-29
125,111,14,1993-05-30
123,108,15,1993-05-31
147,126,21,1993-06-01
142,120,22,1993-06-02
141,103,38,1993-06-03
115,88,27,1993-06-04
105,71,34,1993-06-05
116,73,43,1993-06-06
101,58,43,1993-06-07
77,41,36,1993-06-08
64,31,33,1993-06-09
66,32,34,1993-06-10
52,28,24,1993-06-11
25,25,0,1993-06-12
14,14,0,1993-06-13
14,14,0,1993-06-14
14,14,0,1993-06-15
18,18,0,1993-06-16
24,24,0,1993-06-17
22,22,0,1993-06-18
21,11,10,1993-06-19
34,14,20,1993-06-20
36,15,21,1993-06-21
38,20,18,1993-06-22
71,40,31,1993-06-23
70,42,28,1993-06-24
82,43,39,1993-06-25
82,38,44,1993-06-26
94,39,55,1993-06-27
96,28,68,1993-06-28
110,21,89,1993-06-29
98,0,98,1993-06-30
81,0,81,1993-07-01
85,15,70,1993-07-02
92,18,74,1993-07-03
111,36,75,1993-07-04
101,46,55,1993-07-05
81,41,40,1993-07-06
62,29,33,1993-07-07
56,24,32,1993-07-08
53,24,29,1993-07-09
43,17,26,1993-07-10
49,34,15,1993-07-11
49,34,15,1993-07-12
71,54,17,1993-07-13
87,39,48,1993-07-14
92,56,36,1993-07-15
87,55,32,1993-07-16
93,49,44,1993-07-17
111,36,75,1993-07-18
114,36,78,1993-07-19
99,29,70,1993-07-20
92,18,74,1993-07-21
81,18,63,1993-07-22
94,30,64,1993-07-23
92,28,64,1993-07-24
85,26,59,1993-07-25
76,22,54,1993-07-26
83,28,55,1993-07-27
82,29,53,1993-07-28
65,33,32,1993-07-29
62,33,29,1993-07-30
64,47,17,1993-07-31
56,40,16,1993-08-01
59,38,21,1993-08-02
53,41,12,1993-08-03
52,40,12,1993-08-04
40,28,12,1993-08-05
73,48,25,1993-08-06
64,43,21,1993-08-07
70,70,0,1993-08-08
87,75,12,1993-08-09
96,84,12,1993-08-10
108,90,18,1993-08-11
86,61,25,1993-08-12
89,53,36,1993-08-13
58,31,27,1993-08-14
43,0,43,1993-08-15
33,0,33,1993-08-16
43,0,43,1993-08-17
41,0,41,1993-08-18
41,0,41,1993-08-19
34,0,34,1993-08-20
46,16,30,1993-08-21
62,18,44,1993-08-22
62,19,43,1993-08-23
83,39,44,1993-08-24
79,49,30,1993-08-25
65,52,13,1993-08-26
73,58,15,1993-08-27
71,59,12,1993-08-28
73,61,12,1993-08-29
55,43,12,1993-08-30
44,34,10,1993-08-31
36,36,0,1993-09-01
33,33,0,1993-09-02
31,31,0,1993-09-03
32,22,10,1993-09-04
31,18,13,1993-09-05
19,19,0,1993-09-06
17,17,0,1993-09-07
17,17,0,1993-09-08
22,22,0,1993-09-09
13,13,0,1993-09-10
17,9,8,1993-09-11
13,7,6,1993-09-12
14,14,0,1993-09-13
14,7,7,1993-09-14
14,0,14,1993-09-15
32,8,24,1993-09-16
29,0,29,1993-09-17
26,0,26,1993-09-18
21,0,21,1993-09-19
21,0,21,1993-09-20
19,0,19,1993-09-21
19,10,9,1993-09-22
22,0,22,1993-09-23
32,0,32,1993-09-24
60,27,33,1993-09-25
60,27,33,1993-09-26
68,39,29,1993-09-27
72,57,15,1993-09-28
67,54,13,1993-09-29
64,53,11,1993-09-30
81,67,14,1993-10-01
120,85,35,1993-10-02
110,59,51,1993-10-03
126,71,55,1993-10-04
113,60,53,1993-10-05
89,46,43,1993-10-06
82,35,47,1993-10-07
88,26,62,1993-10-08
96,23,73,1993-10-09
73,14,59,1993-10-10
82,13,69,1993-10-11
71,13,58,1993-10-12
47,13,34,1993-10-13
39,14,25,1993-10-14
66,29,37,1993-10-15
71,29,42,1993-10-16
52,18,34,1993-10-17
47,15,32,1993-10-18
55,19,36,1993-10-19
79,33,46,1993-10-20
92,23,69,1993-10-21
77,14,63,1993-10-22
73,23,50,1993-10-23
69,21,48,1993-10-24
54,21,33,1993-10-25
63,34,29,1993-10-26
49,20,29,1993-10-27
37,19,18,1993-10-28
29,15,14,1993-10-29
38,23,15,1993-10-30
35,18,17,1993-10-31
18,0,18,1993-11-01
26,0,26,1993-11-02
24,0,24,1993-11-03
27,0,27,1993-11-04
41,11,30,1993-11-05
45,10,35,1993-11-06
46,14,32,1993-11-07
45,11,34,1993-11-08
35,13,22,1993-11-09
34,14,20,1993-11-10
19,0,19,1993-11-11
20,20,0,1993-11-12
28,28,0,1993-11-13
30,30,0,1993-11-14
37,37,0,1993-11-15
43,43,0,1993-11-16
50,50,0,1993-11-17
50,50,0,1993-11-18
57,57,0,1993-11-19
58,47,11,1993-11-20
76,64,12,1993-11-21
76,65,11,1993-11-22
72,72,0,1993-11-23
73,73,0,1993-11-24
54,54,0,1993-11-25
62,50,12,1993-11-26
60,44,16,1993-11-27
72,45,27,1993-11-28
74,35,39,1993-11-29
93,24,69,1993-11-30
94,34,60,1993-12-01
78,29,49,1993-12-02
84,18,66,1993-12-03
92,15,77,1993-12-04
88,11,77,1993-12-05
77,0,77,1993-12-06
91,0,91,1993-12-07
80,0,80,1993-12-08
74,14,60,1993-12-09
64,11,53,1993-12-10
43,10,33,1993-12-11
29,0,29,1993-12-12
24,0,24,1993-12-13
32,15,17,1993-12-14
11,11,0,1993-12-15
28,28,0,1993-12-16
31,31,0,1993-12-17
39,39,0,1993-12-18
25,25,0,1993-12-19
38,23,15,1993-12-20
52,52,0,1993-12-21
62,49,13,1993-12-22
76,76,0,1993-12-23
88,88,0,1993-12-24
105,95,10,1993-12-25
87,87,0,1993-12-26
97,97,0,1993-12-27
85,85,0,1993-12-28
102,82,20,1993-12-29
105,83,22,1993-12-30
139,88,51,1993-12-31
126,79,47,1994-01-01
113,53,60,1994-01-02
136,73,63,1994-01-03
151,89,62,1994-01-04
153,91,62,1994-01-05
148,91,57,1994-01-06
138,81,57,1994-01-07
119,82,37,1994-01-08
97,81,16,1994-01-09
69,69,0,1994-01-10
62,62,0,1994-01-11
60,60,0,1994-01-12
66,50,16,1994-01-13
53,38,15,1994-01-14
51,28,23,1994-01-15
43,43,0,1994-01-16
37,37,0,1994-01-17
44,34,10,1994-01-18
41,41,0,1994-01-19
51,51,0,1994-01-20
78,78,0,1994-01-21
95,95,0,1994-01-22
88,88,0,1994-01-23
103,103,0,1994-01-24
97,97,0,1994-01-25
98,98,0,1994-01-26
85,73,12,1994-01-27
72,57,15,1994-01-28
63,35,28,1994-01-29
56,31,25,1994-01-30
38,13,25,1994-01-31
45,12,33,1994-02-01
48,34,14,1994-02-02
59,47,12,1994-02-03
68,51,17,1994-02-04
59,40,19,1994-02-05
62,39,23,1994-02-06
71,34,37,1994-02-07
63,45,18,1994-02-08
62,42,20,1994-02-09
49,35,14,1994-02-10
45,45,0,1994-02-11
56,56,0,1994-02-12
71,71,0,1994-02-13
60,60,0,1994-02-14
52,52,0,1994-02-15
57,57,0,1994-02-16
66,66,0,1994-02-17
65,65,0,1994-02-18
43,43,0,1994-02-19
25,25,0,1994-02-20
29,29,0,1994-02-21
54,40,14,1994-02-22
51,36,15,1994-02-23
52,21,31,1994-02-24
45,17,28,1994-02-25
49,20,29,1994-02-26
59,17,42,1994-02-27
71,14,57,1994-02-28
73,0,73,1994-03-01
84,0,84,1994-03-02
93,0,93,1994-03-03
81,0,81,1994-03-04
75,0,75,1994-03-05
90,33,57,1994-03-06
78,33,45,1994-03-07
69,30,39,1994-03-08
61,27,34,1994-03-09
43,10,33,1994-03-10
48,21,27,1994-03-11
60,24,36,1994-03-12
54,23,31,1994-03-13
27,27,0,1994-03-14
39,39,0,1994-03-15
33,33,0,1994-03-16
33,33,0,1994-03-17
27,27,0,1994-03-18
19,19,0,1994-03-19
12,12,0,1994-03-20
25,25,0,1994-03-21
36,36,0,1994-03-22
33,33,0,1994-03-23
48,36,12,1994-03-24
55,27,28,1994-03-25
36,23,13,1994-03-26
22,0,22,1994-03-27
21,0,21,1994-03-28
21,0,21,1994-03-29
39,0,39,1994-03-30
36,0,36,1994-03-31
29,0,29,1994-04-01
0,0,0,1994-04-02
0,0,0,1994-04-03
0,0,0,1994-04-04
12,7,5,1994-04-05
0,0,0,1994-04-06
0,0,0,1994-04-07
14,7,7,1994-04-08
14,14,0,1994-04-09
15,15,0,1994-04-10
19,19,0,1994-04-11
17,17,0,1994-04-12
22,22,0,1994-04-13
20,20,0,1994-04-14
32,32,0,1994-04-15
20,20,0,1994-04-16
29,29,0,1994-04-17
29,17,12,1994-04-18
36,21,15,1994-04-19
48,34,14,1994-04-20
53,39,14,1994-04-21
65,65,0,1994-04-22
63,63,0,1994-04-23
68,54,14,1994-04-24
51,51,0,1994-04-25
51,51,0,1994-04-26
53,41,12,1994-04-27
26,26,0,1994-04-28
15,0,15,1994-04-29
20,0,20,1994-04-30
30,0,30,1994-05-01
59,44,15,1994-05-02
44,32,12,1994-05-03
20,0,20,1994-05-04
15,0,15,1994-05-05
17,0,17,1994-05-06
23,0,23,1994-05-07
32,0,32,1994-05-08
20,0,20,1994-05-09
28,0,28,1994-05-10
32,10,22,1994-05-11
45,32,13,1994-05-12
54,54,0,1994-05-13
52,52,0,1994-05-14
50,50,0,1994-05-15
55,55,0,1994-05-16
65,65,0,1994-05-17
55,55,0,1994-05-18
47,47,0,1994-05-19
42,42,0,1994-05-20
42,42,0,1994-05-21
35,35,0,1994-05-22
32,32,0,1994-05-23
15,15,0,1994-05-24
15,8,7,1994-05-25
0,0,0,1994-05-26
0,0,0,1994-05-27
0,0,0,1994-05-28
0,0,0,1994-05-29
0,0,0,1994-05-30
0,0,0,1994-05-31
0,0,0,1994-06-01
0,0,0,1994-06-02
0,0,0,1994-06-03
0,0,0,1994-06-04
0,0,0,1994-06-05
17,9,8,1994-06-06
23,0,23,1994-06-07
61,13,48,1994-06-08
61,28,33,1994-06-09
71,33,38,1994-06-10
89,49,40,1994-06-11
75,50,25,1994-06-12
84,46,38,1994-06-13
82,41,41,1994-06-14
77,40,37,1994-06-15
74,38,36,1994-06-16
60,30,30,1994-06-17
52,24,28,1994-06-18
43,0,43,1994-06-19
27,0,27,1994-06-20
17,9,8,1994-06-21
21,0,21,1994-06-22
34,0,34,1994-06-23
52,0,52,1994-06-24
40,0,40,1994-06-25
21,11,10,1994-06-26
14,0,14,1994-06-27
21,0,21,1994-06-28
37,0,37,1994-06-29
38,0,38,1994-06-30
46,0,46,1994-07-01
62,25,37,1994-07-02
56,24,32,1994-07-03
59,27,32,1994-07-04
39,17,22,1994-07-05
39,22,17,1994-07-06
68,30,38,1994-07-07
87,25,62,1994-07-08
71,26,45,1994-07-09
87,25,62,1994-07-10
104,30,74,1994-07-11
98,19,79,1994-07-12
85,16,69,1994-07-13
65,38,27,1994-07-14
62,17,45,1994-07-15
78,30,48,1994-07-16
77,31,46,1994-07-17
69,30,39,1994-07-18
39,16,23,1994-07-19
42,14,28,1994-07-20
39,17,22,1994-07-21
27,16,11,1994-07-22
23,23,0,1994-07-23
20,20,0,1994-07-24
17,17,0,1994-07-25
25,13,12,1994-07-26
20,20,0,1994-07-27
23,23,0,1994-07-28
10,6,4,1994-07-29
17,0,17,1994-07-30
14,0,14,1994-07-31
17,0,17,1994-08-01
15,15,0,1994-08-02
20,20,0,1994-08-03
21,21,0,1994-08-04
27,27,0,1994-08-05
26,26,0,1994-08-06
20,20,0,1994-08-07
18,18,0,1994-08-08
18,18,0,1994-08-09
23,23,0,1994-08-10
31,19,12,1994-08-11
55,15,40,1994-08-12
60,12,48,1994-08-13
67,23,44,1994-08-14
64,17,47,1994-08-15
66,14,52,1994-08-16
63,14,49,1994-08-17
60,0,60,1994-08-18
66,0,66,1994-08-19
46,0,46,1994-08-20
29,0,29,1994-08-21
15,0,15,1994-08-22
35,11,24,1994-08-23
18,0,18,1994-08-24
18,0,18,1994-08-25
18,0,18,1994-08-26
17,0,17,1994-08-27
20,0,20,1994-08-28
24,12,12,1994-08-29
34,12,22,1994-08-30
53,14,39,1994-08-31
60,13,47,1994-09-01
77,25,52,1994-09-02
93,36,57,1994-09-03
83,30,53,1994-09-04
102,30,72,1994-09-05
90,33,57,1994-09-06
90,35,55,1994-09-07
74,33,41,1994-09-08
65,27,38,1994-09-09
49,13,36,1994-09-10
30,0,30,1994-09-11
16,0,16,1994-09-12
14,0,14,1994-09-13
14,0,14,1994-09-14
13,7,6,1994-09-15
13,7,6,1994-09-16
19,19,0,1994-09-17
35,19,16,1994-09-18
22,11,11,1994-09-19
0,0,0,1994-09-20
0,0,0,1994-09-21
17,0,17,1994-09-22
19,0,19,1994-09-23
22,0,22,1994-09-24
25,0,25,1994-09-25
41,13,28,1994-09-26
44,13,31,1994-09-27
33,9,24,1994-09-28
27,0,27,1994-09-29
27,0,27,1994-09-30
24,0,24,1994-10-01
27,0,27,1994-10-02
24,0,24,1994-10-03
41,0,41,1994-10-04
73,14,59,1994-10-05
81,18,63,1994-10-06
70,24,46,1994-10-07
67,23,44,1994-10-08
76,41,35,1994-10-09
75,44,31,1994-10-10
73,49,24,1994-10-11
69,58,11,1994-10-12
73,73,0,1994-10-13
92,78,14,1994-10-14
87,73,14,1994-10-15
78,66,12,1994-10-16
60,60,0,1994-10-17
84,55,29,1994-10-18
86,49,37,1994-10-19
75,40,35,1994-10-20
63,29,34,1994-10-21
44,23,21,1994-10-22
43,20,23,1994-10-23
43,0,43,1994-10-24
41,17,24,1994-10-25
86,25,61,1994-10-26
87,29,58,1994-10-27
87,32,55,1994-10-28
84,38,46,1994-10-29
90,41,49,1994-10-30
78,34,44,1994-10-31
74,31,43,1994-11-01
79,30,49,1994-11-02
56,23,33,1994-11-03
46,16,30,1994-11-04
51,25,26,1994-11-05
39,24,15,1994-11-06
28,15,13,1994-11-07
26,13,13,1994-11-08
38,13,25,1994-11-09
39,13,26,1994-11-10
26,26,0,1994-11-11
28,28,0,1994-11-12
13,7,6,1994-11-13
15,15,0,1994-11-14
13,7,6,1994-11-15
13,0,13,1994-11-16
16,0,16,1994-11-17
31,0,31,1994-11-18
25,0,25,1994-11-19
15,8,7,1994-11-20
11,11,0,1994-11-21
13,13,0,1994-11-22
13,13,0,1994-11-23
13,13,0,1994-11-24
30,0,30,1994-11-25
28,0,28,1994-11-26
33,0,33,1994-11-27
38,0,38,1994-11-28
18,0,18,1994-11-29
16,0,16,1994-11-30
13,0,13,1994-12-01
11,0,11,1994-12-02
0,0,0,1994-12-03
12,0,12,1994-12-04
18,0,18,1994-12-05
15,0,15,1994-12-06
25,0,25,1994-12-07
31,0,31,1994-12-08
52,0,52,1994-12-09
54,0,54,1994-12-10
70,0,70,1994-12-11
63,0,63,1994-12-12
49,0,49,1994-12-13
43,0,43,1994-12-14
39,0,39,1994-12-15
32,0,32,1994-12-16
43,10,33,1994-12-17
42,17,25,1994-12-18
40,11,29,1994-12-19
26,11,15,1994-12-20
22,12,10,1994-12-21
37,25,12,1994-12-22
26,0,26,1994-12-23
37,17,20,1994-12-24
44,0,44,1994-12-25
53,16,37,1994-12-26
36,12,24,1994-12-27
21,12,9,1994-12-28
21,0,21,1994-12-29
12,6,6,1994-12-30
11,6,5,1994-12-31
13,7,6,1995-01-01
11,0,11,1995-01-02
15,0,15,1995-01-03
19,11,8,1995-01-04
15,15,0,1995-01-05
20,11,9,1995-01-06
9,5,4,1995-01-07
12,7,5,1995-01-08
12,0,12,1995-01-09
11,0,11,1995-01-10
12,0,12,1995-01-11
13,0,13,1995-01-12
11,0,11,1995-01-13
15,0,15,1995-01-14
16,0,16,1995-01-15
23,0,23,1995-01-16
31,0,31,1995-01-17
47,0,47,1995-01-18
57,12,45,1995-01-19
69,20,49,1995-01-20
74,30,44,1995-01-21
72,29,43,1995-01-22
73,31,42,1995-01-23
81,35,46,1995-01-24
66,27,39,1995-01-25
40,17,23,1995-01-26
31,15,16,1995-01-27
34,11,23,1995-01-28
24,11,13,1995-01-29
42,11,31,1995-01-30
43,0,43,1995-01-31
54,0,54,1995-02-01
63,0,63,1995-02-02
58,0,58,1995-02-03
54,0,54,1995-02-04
54,14,40,1995-02-05
52,14,38,1995-02-06
24,0,24,1995-02-07
18,0,18,1995-02-08
29,12,17,1995-02-09
35,14,21,1995-02-10
20,20,0,1995-02-11
21,21,0,1995-02-12
17,9,8,1995-02-13
26,14,12,1995-02-14
34,14,20,1995-02-15
40,17,23,1995-02-16
51,25,26,1995-02-17
47,14,33,1995-02-18
70,27,43,1995-02-19
70,27,43,1995-02-20
69,21,48,1995-02-21
72,18,54,1995-02-22
64,20,44,1995-02-23
46,20,26,1995-02-24
43,18,25,1995-02-25
40,12,28,1995-02-26
49,0,49,1995-02-27
63,0,63,1995-02-28
76,0,76,1995-03-01
83,0,83,1995-03-02
82,0,82,1995-03-03
97,0,97,1995-03-04
91,0,91,1995-03-05
57,0,57,1995-03-06
54,0,54,1995-03-07
30,0,30,1995-03-08
15,0,15,1995-03-09
0,0,0,1995-03-10
12,0,12,1995-03-11
18,0,18,1995-03-12
15,0,15,1995-03-13
15,0,15,1995-03-14
25,0,25,1995-03-15
19,0,19,1995-03-16
24,0,24,1995-03-17
52,21,31,1995-03-18
57,29,28,1995-03-19
61,30,31,1995-03-20
62,34,28,1995-03-21
67,34,33,1995-03-22
65,24,41,1995-03-23
65,21,44,1995-03-24
62,24,38,1995-03-25
61,15,46,1995-03-26
42,14,28,1995-03-27
28,0,28,1995-03-28
34,0,34,1995-03-29
34,0,34,1995-03-30
33,0,33,1995-03-31
20,0,20,1995-04-01
26,0,26,1995-04-02
29,0,29,1995-04-03
15,0,15,1995-04-04
0,0,0,1995-04-05
0,0,0,1995-04-06
0,0,0,1995-04-07
0,0,0,1995-04-08
0,0,0,1995-04-09
0,0,0,1995-04-10
15,0,15,1995-04-11
28,0,28,1995-04-12
48,0,48,1995-04-13
53,17,36,1995-04-14
65,20,45,1995-04-15
71,23,48,1995-04-16
74,26,48,1995-04-17
63,26,37,1995-04-18
53,22,31,1995-04-19
39,17,22,1995-04-20
20,0,20,1995-04-21
17,0,17,1995-04-22
0,0,0,1995-04-23
0,0,0,1995-04-24
0,0,0,1995-04-25
0,0,0,1995-04-26
12,0,12,1995-04-27
0,0,0,1995-04-28
0,0,0,1995-04-29
0,0,0,1995-04-30
12,12,0,1995-05-01
0,0,0,1995-05-02
0,0,0,1995-05-03
11,0,11,1995-05-04
13,0,13,1995-05-05
12,0,12,1995-05-06
11,0,11,1995-05-07
12,0,12,1995-05-08
13,0,13,1995-05-09
15,0,15,1995-05-10
16,0,16,1995-05-11
35,16,19,1995-05-12
35,35,0,1995-05-13
36,25,11,1995-05-14
48,36,12,1995-05-15
54,32,22,1995-05-16
58,27,31,1995-05-17
54,22,32,1995-05-18
47,21,26,1995-05-19
36,15,21,1995-05-20
17,0,17,1995-05-21
13,0,13,1995-05-22
0,0,0,1995-05-23
0,0,0,1995-05-24
0,0,0,1995-05-25
0,0,0,1995-05-26
0,0,0,1995-05-27
12,12,0,1995-05-28
16,16,0,1995-05-29
13,13,0,1995-05-30
12,12,0,1995-05-31
12,12,0,1995-06-01
13,7,6,1995-06-02
17,9,8,1995-06-03
20,10,10,1995-06-04
43,29,14,1995-06-05
35,19,16,1995-06-06
40,27,13,1995-06-07
40,27,13,1995-06-08
35,35,0,1995-06-09
43,27,16,1995-06-10
35,35,0,1995-06-11
29,29,0,1995-06-12
24,24,0,1995-06-13
17,17,0,1995-06-14
0,0,0,1995-06-15
0,0,0,1995-06-16
10,6,4,1995-06-17
13,13,0,1995-06-18
26,26,0,1995-06-19
19,19,0,1995-06-20
22,22,0,1995-06-21
24,24,0,1995-06-22
23,23,0,1995-06-23
19,19,0,1995-06-24
19,19,0,1995-06-25
17,17,0,1995-06-26
14,14,0,1995-06-27
13,13,0,1995-06-28
20,20,0,1995-06-29
33,33,0,1995-06-30
42,42,0,1995-07-01
35,35,0,1995-07-02
20,20,0,1995-07-03
20,20,0,1995-07-04
31,20,11,1995-07-05
38,23,15,1995-07-06
41,21,20,1995-07-07
35,20,15,1995-07-08
39,20,19,1995-07-09
30,14,16,1995-07-10
25,13,12,1995-07-11
18,10,8,1995-07-12
15,15,0,1995-07-13
18,18,0,1995-07-14
27,27,0,1995-07-15
24,24,0,1995-07-16
22,22,0,1995-07-17
20,20,0,1995-07-18
30,30,0,1995-07-19
32,21,11,1995-07-20
20,10,10,1995-07-21
15,15,0,1995-07-22
0,0,0,1995-07-23
0,0,0,1995-07-24
0,0,0,1995-07-25
10,6,4,1995-07-26
11,0,11,1995-07-27
0,0,0,1995-07-28
0,0,0,1995-07-29
0,0,0,1995-07-30
14,14,0,1995-07-31
18,18,0,1995-08-01
19,19,0,1995-08-02
22,22,0,1995-08-03
20,14,6,1995-08-04
20,20,0,1995-08-05
28,22,6,1995-08-06
23,15,8,1995-08-07
17,17,0,1995-08-08
11,6,5,1995-08-09
13,13,0,1995-08-10
14,14,0,1995-08-11
0,0,0,1995-08-12
11,0,11,1995-08-13
0,0,0,1995-08-14
15,9,6,1995-08-15
27,27,0,1995-08-16
17,9,8,1995-08-17
0,0,0,1995-08-18
0,0,0,1995-08-19
10,0,10,1995-08-20
0,0,0,1995-08-21
10,10,0,1995-08-22
19,19,0,1995-08-23
40,23,17,1995-08-24
38,22,16,1995-08-25
52,38,14,1995-08-26
41,29,12,1995-08-27
31,31,0,1995-08-28
18,18,0,1995-08-29
17,17,0,1995-08-30
14,14,0,1995-08-31
12,12,0,1995-09-01
11,11,0,1995-09-02
11,11,0,1995-09-03
21,21,0,1995-09-04
21,21,0,1995-09-05
11,11,0,1995-09-06
11,11,0,1995-09-07
0,0,0,1995-09-08
0,0,0,1995-09-09
0,0,0,1995-09-10
0,0,0,1995-09-11
12,12,0,1995-09-12
11,11,0,1995-09-13
0,0,0,1995-09-14
13,0,13,1995-09-15
11,0,11,1995-09-16
0,0,0,1995-09-17
0,0,0,1995-09-18
15,15,0,1995-09-19
28,28,0,1995-09-20
29,21,8,1995-09-21
40,29,11,1995-09-22
38,29,9,1995-09-23
40,28,12,1995-09-24
34,24,10,1995-09-25
33,22,11,1995-09-26
34,25,9,1995-09-27
12,12,0,1995-09-28
12,12,0,1995-09-29
11,11,0,1995-09-30
0,0,0,1995-10-01
0,0,0,1995-10-02
0,0,0,1995-10-03
0,0,0,1995-10-04
0,0,0,1995-10-05
0,0,0,1995-10-06
15,0,15,1995-10-07
13,7,6,1995-10-08
32,16,16,1995-10-09
42,17,25,1995-10-10
70,22,48,1995-10-11
83,19,64,1995-10-12
84,16,68,1995-10-13
78,12,66,1995-10-14
45,0,45,1995-10-15
62,14,48,1995-10-16
54,15,39,1995-10-17
41,10,31,1995-10-18
30,0,30,1995-10-19
26,12,14,1995-10-20
38,12,26,1995-10-21
38,12,26,1995-10-22
38,16,22,1995-10-23
36,17,19,1995-10-24
32,19,13,1995-10-25
32,20,12,1995-10-26
17,17,0,1995-10-27
15,15,0,1995-10-28
13,13,0,1995-10-29
0,0,0,1995-10-30
15,8,7,1995-10-31
0,0,0,1995-11-01
12,6,6,1995-11-02
12,6,6,1995-11-03
0,0,0,1995-11-04
0,0,0,1995-11-05
12,0,12,1995-11-06
12,0,12,1995-11-07
12,0,12,1995-11-08
14,0,14,1995-11-09
19,0,19,1995-11-10
14,0,14,1995-11-11
12,0,12,1995-11-12
12,0,12,1995-11-13
12,0,12,1995-11-14
31,0,31,1995-11-15
34,9,25,1995-11-16
51,15,36,1995-11-17
36,14,22,1995-11-18
16,10,6,1995-11-19
16,16,0,1995-11-20
14,14,0,1995-11-21
14,14,0,1995-11-22
14,14,0,1995-11-23
0,0,0,1995-11-24
0,0,0,1995-11-25
0,0,0,1995-11-26
0,0,0,1995-11-27
14,14,0,1995-11-28
17,9,8,1995-11-29
19,19,0,1995-11-30
24,14,10,1995-12-01
18,11,7,1995-12-02
24,12,12,1995-12-03
24,12,12,1995-12-04
21,11,10,1995-12-05
15,0,15,1995-12-06
15,0,15,1995-12-07
12,0,12,1995-12-08
28,0,28,1995-12-09
25,0,25,1995-12-10
27,0,27,1995-12-11
16,0,16,1995-12-12
15,0,15,1995-12-13
13,0,13,1995-12-14
12,0,12,1995-12-15
0,0,0,1995-12-16
0,0,0,1995-12-17
0,0,0,1995-12-18
0,0,0,1995-12-19
12,0,12,1995-12-20
13,0,13,1995-12-21
13,0,13,1995-12-22
12,0,12,1995-12-23
0,0,0,1995-12-24
18,0,18,1995-12-25
25,15,10,1995-12-26
27,12,15,1995-12-27
25,13,12,1995-12-28
13,13,0,1995-12-29
15,15,0,1995-12-30
0,0,0,1995-12-31
0,0,0,1996-01-01
14,14,0,1996-01-02
22,22,0,1996-01-03
35,35,0,1996-01-04
56,46,10,1996-01-05
55,55,0,1996-01-06
48,48,0,1996-01-07
41,41,0,1996-01-08
22,22,0,1996-01-09
13,13,0,1996-01-10
0,0,0,1996-01-11
0,0,0,1996-01-12
0,0,0,1996-01-13
0,0,0,1996-01-14
0,0,0,1996-01-15
0,0,0,1996-01-16
0,0,0,1996-01-17
0,0,0,1996-01-18
0,0,0,1996-01-19
0,0,0,1996-01-20
10,6,4,1996-01-21
0,0,0,1996-01-22
0,0,0,1996-01-23
13,13,0,1996-01-24
10,10,0,1996-01-25
10,10,0,1996-01-26
10,10,0,1996-01-27
12,12,0,1996-01-28
10,10,0,1996-01-29
19,19,0,1996-01-30
13,13,0,1996-01-31
16,16,0,1996-02-01
16,16,0,1996-02-02
12,12,0,1996-02-03
0,0,0,1996-02-04
0,0,0,1996-02-05
0,0,0,1996-02-06
0,0,0,1996-02-07
0,0,0,1996-02-08
0,0,0,1996-02-09
0,0,0,1996-02-10
0,0,0,1996-02-11
0,0,0,1996-02-12
0,0,0,1996-02-13
0,0,0,1996-02-14
12,12,0,1996-02-15
0,0,0,1996-02-16
0,0,0,1996-02-17
0,0,0,1996-02-18
0,0,0,1996-02-19
14,14,0,1996-02-20
17,17,0,1996-02-21
14,14,0,1996-02-22
14,14,0,1996-02-23
29,29,0,1996-02-24
23,23,0,1996-02-25
14,14,0,1996-02-26
12,12,0,1996-02-27
14,7,7,1996-02-28
16,0,16,1996-02-29
0,0,0,1996-03-01
0,0,0,1996-03-02
0,0,0,1996-03-03
12,12,0,1996-03-04
0,0,0,1996-03-05
19,10,9,1996-03-06
12,7,5,1996-03-07
0,0,0,1996-03-08
0,0,0,1996-03-09
0,0,0,1996-03-10
22,8,14,1996-03-11
22,0,22,1996-03-12
22,0,22,1996-03-13
18,0,18,1996-03-14
17,0,17,1996-03-15
14,0,14,1996-03-16
12,0,12,1996-03-17
12,0,12,1996-03-18
11,0,11,1996-03-19
0,0,0,1996-03-20
17,17,0,1996-03-21
22,22,0,1996-03-22
22,22,0,1996-03-23
19,19,0,1996-03-24
18,18,0,1996-03-25
32,32,0,1996-03-26
29,15,14,1996-03-27
25,15,10,1996-03-28
14,14,0,1996-03-29
0,0,0,1996-03-30
0,0,0,1996-03-31
0,0,0,1996-04-01
14,7,7,1996-04-02
16,7,9,1996-04-03
11,11,0,1996-04-04
0,0,0,1996-04-05
0,0,0,1996-04-06
0,0,0,1996-04-07
0,0,0,1996-04-08
0,0,0,1996-04-09
0,0,0,1996-04-10
0,0,0,1996-04-11
13,13,0,1996-04-12
11,11,0,1996-04-13
0,0,0,1996-04-14
0,0,0,1996-04-15
0,0,0,1996-04-16
14,14,0,1996-04-17
27,11,16,1996-04-18
16,7,9,1996-04-19
25,0,25,1996-04-20
17,0,17,1996-04-21
17,0,17,1996-04-22
11,0,11,1996-04-23
11,11,0,1996-04-24
0,0,0,1996-04-25
0,0,0,1996-04-26
0,0,0,1996-04-27
0,0,0,1996-04-28
0,0,0,1996-04-29
0,0,0,1996-04-30
0,0,0,1996-05-01
0,0,0,1996-05-02
0,0,0,1996-05-03
0,0,0,1996-05-04
0,0,0,1996-05-05
15,8,7,1996-05-06
17,9,8,1996-05-07
18,0,18,1996-05-08
17,0,17,1996-05-09
20,7,13,1996-05-10
25,0,25,1996-05-11
22,0,22,1996-05-12
21,0,21,1996-05-13
20,0,20,1996-05-14
15,0,15,1996-05-15
13,0,13,1996-05-16
11,0,11,1996-05-17
11,6,5,1996-05-18
0,0,0,1996-05-19
11,6,5,1996-05-20
0,0,0,1996-05-21
0,0,0,1996-05-22
0,0,0,1996-05-23
0,0,0,1996-05-24
0,0,0,1996-05-25
0,0,0,1996-05-26
0,0,0,1996-05-27
0,0,0,1996-05-28
0,0,0,1996-05-29
0,0,0,1996-05-30
0,0,0,1996-05-31
11,11,0,1996-06-01
11,11,0,1996-06-02
11,11,0,1996-06-03
13,13,0,1996-06-04
16,16,0,1996-06-05
32,18,14,1996-06-06
28,17,11,1996-06-07
28,28,0,1996-06-08
35,22,13,1996-06-09
17,17,0,1996-06-10
13,13,0,1996-06-11
13,13,0,1996-06-12
0,0,0,1996-06-13
0,0,0,1996-06-14
0,0,0,1996-06-15
0,0,0,1996-06-16
0,0,0,1996-06-17
14,14,0,1996-06-18
24,24,0,1996-06-19
11,11,0,1996-06-20
11,11,0,1996-06-21
11,11,0,1996-06-22
24,24,0,1996-06-23
25,25,0,1996-06-24
24,24,0,1996-06-25
25,25,0,1996-06-26
25,25,0,1996-06-27
25,25,0,1996-06-28
24,24,0,1996-06-29
24,24,0,1996-06-30
12,12,0,1996-07-01
14,14,0,1996-07-02
13,13,0,1996-07-03
0,0,0,1996-07-04
12,0,12,1996-07-05
0,0,0,1996-07-06
20,0,20,1996-07-07
37,0,37,1996-07-08
39,0,39,1996-07-09
37,0,37,1996-07-10
29,0,29,1996-07-11
19,0,19,1996-07-12
13,0,13,1996-07-13
0,0,0,1996-07-14
0,0,0,1996-07-15
0,0,0,1996-07-16
0,0,0,1996-07-17
0,0,0,1996-07-18
0,0,0,1996-07-19
0,0,0,1996-07-20
0,0,0,1996-07-21
0,0,0,1996-07-22
0,0,0,1996-07-23
0,0,0,1996-07-24
0,0,0,1996-07-25
12,12,0,1996-07-26
13,0,13,1996-07-27
17,0,17,1996-07-28
22,0,22,1996-07-29
27,0,27,1996-07-30
30,0,30,1996-07-31
26,0,26,1996-08-01
31,0,31,1996-08-02
31,0,31,1996-08-03
29,0,29,1996-08-04
22,0,22,1996-08-05
14,6,8,1996-08-06
23,12,11,1996-08-07
15,8,7,1996-08-08
19,19,0,1996-08-09
20,20,0,1996-08-10
29,29,0,1996-08-11
23,23,0,1996-08-12
16,16,0,1996-08-13
29,29,0,1996-08-14
26,26,0,1996-08-15
14,14,0,1996-08-16
15,15,0,1996-08-17
12,12,0,1996-08-18
15,15,0,1996-08-19
14,14,0,1996-08-20
14,14,0,1996-08-21
12,12,0,1996-08-22
14,7,7,1996-08-23
22,11,11,1996-08-24
14,0,14,1996-08-25
18,0,18,1996-08-26
18,0,18,1996-08-27
15,0,15,1996-08-28
15,0,15,1996-08-29
19,0,19,1996-08-30
26,10,16,1996-08-31
24,0,24,1996-09-01
17,0,17,1996-09-02
13,0,13,1996-09-03
0,0,0,1996-09-04
0,0,0,1996-09-05
0,0,0,1996-09-06
22,0,22,1996-09-07
0,0,0,1996-09-08
0,0,0,1996-09-09
0,0,0,1996-09-10
0,0,0,1996-09-11
15,15,0,1996-09-12
0,0,0,1996-09-13
0,0,0,1996-09-14
0,0,0,1996-09-15
0,0,0,1996-09-16
0,0,0,1996-09-17
0,0,0,1996-09-18
0,0,0,1996-09-19
0,0,0,1996-09-20
0,0,0,1996-09-21
0,0,0,1996-09-22
0,0,0,1996-09-23
0,0,0,1996-09-24
0,0,0,1996-09-25
0,0,0,1996-09-26
0,0,0,1996-09-27
0,0,0,1996-09-28
0,0,0,1996-09-29
0,0,0,1996-09-30
0,0,0,1996-10-01
0,0,0,1996-10-02
0,0,0,1996-10-03
0,0,0,1996-10-04
0,0,0,1996-10-05
0,0,0,1996-10-06
0,0,0,1996-10-07
0,0,0,1996-10-08
0,0,0,1996-10-09
0,0,0,1996-10-10
0,0,0,1996-10-11
0,0,0,1996-10-12
0,0,0,1996-10-13
0,0,0,1996-10-14
0,0,0,1996-10-15
0,0,0,1996-10-16
0,0,0,1996-10-17
0,0,0,1996-10-18
0,0,0,1996-10-19
0,0,0,1996-10-20
0,0,0,1996-10-21
0,0,0,1996-10-22
0,0,0,1996-10-23
0,0,0,1996-10-24
7,7,0,1996-10-25
7,7,0,1996-10-26
7,0,7,1996-10-27
0,0,0,1996-10-28
0,0,0,1996-10-29
0,0,0,1996-10-30
0,0,0,1996-10-31
0,0,0,1996-11-01
0,0,0,1996-11-02
0,0,0,1996-11-03
0,0,0,1996-11-04
0,0,0,1996-11-05
0,0,0,1996-11-06
0,0,0,1996-11-07
0,0,0,1996-11-08
11,0,11,1996-11-09
17,0,17,1996-11-10
20,0,20,1996-11-11
15,7,8,1996-11-12
15,7,8,1996-11-13
0,0,0,1996-11-14
28,14,14,1996-11-15
56,39,17,1996-11-16
25,13,12,1996-11-17
13,6,7,1996-11-18
14,14,0,1996-11-19
13,13,0,1996-11-20
25,13,12,1996-11-21
33,17,16,1996-11-22
61,29,32,1996-11-23
63,24,39,1996-11-24
79,24,55,1996-11-25
72,17,55,1996-11-26
63,14,49,1996-11-27
47,0,47,1996-11-28
43,0,43,1996-11-29
35,0,35,1996-11-30
24,0,24,1996-12-01
13,0,13,1996-12-02
0,0,0,1996-12-03
0,0,0,1996-12-04
0,0,0,1996-12-05
0,0,0,1996-12-06
0,0,0,1996-12-07
14,0,14,1996-12-08
18,0,18,1996-12-09
17,0,17,1996-12-10
29,9,20,1996-12-11
30,9,21,1996-12-12
34,11,23,1996-12-13
28,9,19,1996-12-14
30,13,17,1996-12-15
25,11,14,1996-12-16
29,11,18,1996-12-17
34,19,15,1996-12-18
24,16,8,1996-12-19
16,16,0,1996-12-20
22,22,0,1996-12-21
22,22,0,1996-12-22
12,12,0,1996-12-23
13,0,13,1996-12-24
0,0,0,1996-12-25
0,0,0,1996-12-26
0,0,0,1996-12-27
0,0,0,1996-12-28
0,0,0,1996-12-29
0,0,0,1996-12-30
0,0,0,1996-12-31
0,0,0,1997-01-01
0,0,0,1997-01-02
0,0,0,1997-01-03
14,0,14,1997-01-04
13,0,13,1997-01-05
16,0,16,1997-01-06
10,0,10,1997-01-07
0,0,0,1997-01-08
12,12,0,1997-01-09
12,12,0,1997-01-10
9,9,0,1997-01-11
0,0,0,1997-01-12
0,0,0,1997-01-13
0,0,0,1997-01-14
14,0,14,1997-01-15
22,0,22,1997-01-16
10,0,10,1997-01-17
14,8,6,1997-01-18
0,0,0,1997-01-19
0,0,0,1997-01-20
0,0,0,1997-01-21
0,0,0,1997-01-22
0,0,0,1997-01-23
12,0,12,1997-01-24
10,0,10,1997-01-25
10,0,10,1997-01-26
12,0,12,1997-01-27
0,0,0,1997-01-28
13,13,0,1997-01-29
14,14,0,1997-01-30
13,13,0,1997-01-31
13,13,0,1997-02-01
33,13,20,1997-02-02
43,22,21,1997-02-03
45,25,20,1997-02-04
33,19,14,1997-02-05
26,14,12,1997-02-06
22,12,10,1997-02-07
12,0,12,1997-02-08
12,0,12,1997-02-09
0,0,0,1997-02-10
0,0,0,1997-02-11
0,0,0,1997-02-12
0,0,0,1997-02-13
0,0,0,1997-02-14
0,0,0,1997-02-15
13,0,13,1997-02-16
0,0,0,1997-02-17
12,12,0,1997-02-18
12,12,0,1997-02-19
10,6,4,1997-02-20
0,0,0,1997-02-21
0,0,0,1997-02-22
0,0,0,1997-02-23
10,10,0,1997-02-24
12,12,0,1997-02-25
0,0,0,1997-02-26
0,0,0,1997-02-27
0,0,0,1997-02-28
0,0,0,1997-03-01
0,0,0,1997-03-02
0,0,0,1997-03-03
0,0,0,1997-03-04
0,0,0,1997-03-05
11,11,0,1997-03-06
14,14,0,1997-03-07
26,14,12,1997-03-08
25,14,11,1997-03-09
17,17,0,1997-03-10
18,18,0,1997-03-11
21,21,0,1997-03-12
19,19,0,1997-03-13
18,8,10,1997-03-14
35,13,22,1997-03-15
15,8,7,1997-03-16
17,0,17,1997-03-17
17,0,17,1997-03-18
0,0,0,1997-03-19
12,7,5,1997-03-20
0,0,0,1997-03-21
0,0,0,1997-03-22
0,0,0,1997-03-23
0,0,0,1997-03-24
0,0,0,1997-03-25
0,0,0,1997-03-26
14,0,14,1997-03-27
19,0,19,1997-03-28
25,0,25,1997-03-29
28,0,28,1997-03-30
24,0,24,1997-03-31
25,0,25,1997-04-01
46,0,46,1997-04-02
55,0,55,1997-04-03
40,0,40,1997-04-04
37,0,37,1997-04-05
30,0,30,1997-04-06
16,0,16,1997-04-07
15,0,15,1997-04-08
31,18,13,1997-04-09
36,24,12,1997-04-10
34,21,13,1997-04-11
18,11,7,1997-04-12
33,14,19,1997-04-13
36,11,25,1997-04-14
42,0,42,1997-04-15
39,0,39,1997-04-16
19,0,19,1997-04-17
13,0,13,1997-04-18
16,9,7,1997-04-19
0,0,0,1997-04-20
0,0,0,1997-04-21
0,0,0,1997-04-22
13,13,0,1997-04-23
13,13,0,1997-04-24
12,12,0,1997-04-25
25,12,13,1997-04-26
16,0,16,1997-04-27
18,0,18,1997-04-28
12,0,12,1997-04-29
0,0,0,1997-04-30
0,0,0,1997-05-01
0,0,0,1997-05-02
0,0,0,1997-05-03
11,0,11,1997-05-04
12,12,0,1997-05-05
11,11,0,1997-05-06
11,11,0,1997-05-07
14,14,0,1997-05-08
12,12,0,1997-05-09
23,23,0,1997-05-10
22,22,0,1997-05-11
14,14,0,1997-05-12
17,17,0,1997-05-13
18,18,0,1997-05-14
15,15,0,1997-05-15
23,23,0,1997-05-16
23,23,0,1997-05-17
29,29,0,1997-05-18
37,37,0,1997-05-19
54,43,11,1997-05-20
72,61,11,1997-05-21
66,55,11,1997-05-22
55,34,21,1997-05-23
41,18,23,1997-05-24
40,14,26,1997-05-25
48,33,15,1997-05-26
34,22,12,1997-05-27
23,14,9,1997-05-28
19,12,7,1997-05-29
17,10,7,1997-05-30
26,14,12,1997-05-31
33,13,20,1997-06-01
36,11,25,1997-06-02
24,0,24,1997-06-03
18,0,18,1997-06-04
18,0,18,1997-06-05
20,0,20,1997-06-06
20,7,13,1997-06-07
31,13,18,1997-06-08
26,11,15,1997-06-09
13,13,0,1997-06-10
13,13,0,1997-06-11
26,26,0,1997-06-12
29,29,0,1997-06-13
31,31,0,1997-06-14
31,31,0,1997-06-15
33,33,0,1997-06-16
21,21,0,1997-06-17
29,13,16,1997-06-18
16,0,16,1997-06-19
13,0,13,1997-06-20
11,0,11,1997-06-21
0,0,0,1997-06-22
15,15,0,1997-06-23
15,15,0,1997-06-24
31,31,0,1997-06-25
24,24,0,1997-06-26
20,20,0,1997-06-27
13,13,0,1997-06-28
13,13,0,1997-06-29
0,0,0,1997-06-30
0,0,0,1997-07-01
0,0,0,1997-07-02
10,5,5,1997-07-03
11,0,11,1997-07-04
10,0,10,1997-07-05
12,0,12,1997-07-06
32,11,21,1997-07-07
20,9,11,1997-07-08
21,12,9,1997-07-09
16,9,7,1997-07-10
0,0,0,1997-07-11
0,0,0,1997-07-12
0,0,0,1997-07-13
11,0,11,1997-07-14
0,0,0,1997-07-15
0,0,0,1997-07-16
9,9,0,1997-07-17
9,9,0,1997-07-18
0,0,0,1997-07-19
14,0,14,1997-07-20
0,0,0,1997-07-21
14,14,0,1997-07-22
25,25,0,1997-07-23
36,36,0,1997-07-24
48,48,0,1997-07-25
42,42,0,1997-07-26
31,31,0,1997-07-27
14,14,0,1997-07-28
14,14,0,1997-07-29
0,0,0,1997-07-30
0,0,0,1997-07-31
0,0,0,1997-08-01
12,12,0,1997-08-02
19,9,10,1997-08-03
13,0,13,1997-08-04
25,0,25,1997-08-05
53,25,28,1997-08-06
60,25,35,1997-08-07
66,31,35,1997-08-08
56,34,22,1997-08-09
31,12,19,1997-08-10
53,37,16,1997-08-11
70,51,19,1997-08-12
67,44,23,1997-08-13
57,41,16,1997-08-14
54,42,12,1997-08-15
31,31,0,1997-08-16
26,26,0,1997-08-17
23,23,0,1997-08-18
13,13,0,1997-08-19
12,12,0,1997-08-20
13,13,0,1997-08-21
12,12,0,1997-08-22
13,13,0,1997-08-23
0,0,0,1997-08-24
22,12,10,1997-08-25
31,19,12,1997-08-26
35,35,0,1997-08-27
48,48,0,1997-08-28
51,51,0,1997-08-29
63,63,0,1997-08-30
78,78,0,1997-08-31
76,76,0,1997-09-01
69,69,0,1997-09-02
56,42,14,1997-09-03
49,30,19,1997-09-04
58,36,22,1997-09-05
65,42,23,1997-09-06
79,37,42,1997-09-07
101,44,57,1997-09-08
106,45,61,1997-09-09
108,41,67,1997-09-10
100,34,66,1997-09-11
103,40,63,1997-09-12
99,47,52,1997-09-13
82,40,42,1997-09-14
76,54,22,1997-09-15
71,55,16,1997-09-16
57,43,14,1997-09-17
38,24,14,1997-09-18
19,19,0,1997-09-19
16,16,0,1997-09-20
30,16,14,1997-09-21
52,16,36,1997-09-22
49,9,40,1997-09-23
49,0,49,1997-09-24
57,0,57,1997-09-25
30,0,30,1997-09-26
35,0,35,1997-09-27
21,0,21,1997-09-28
19,8,11,1997-09-29
22,0,22,1997-09-30
36,14,22,1997-10-01
30,17,13,1997-10-02
30,19,11,1997-10-03
30,19,11,1997-10-04
30,19,11,1997-10-05
26,14,12,1997-10-06
24,16,8,1997-10-07
23,23,0,1997-10-08
29,29,0,1997-10-09
32,32,0,1997-10-10
35,35,0,1997-10-11
36,36,0,1997-10-12
42,42,0,1997-10-13
35,35,0,1997-10-14
40,40,0,1997-10-15
49,49,0,1997-10-16
58,58,0,1997-10-17
50,50,0,1997-10-18
36,36,0,1997-10-19
30,30,0,1997-10-20
29,29,0,1997-10-21
13,13,0,1997-10-22
0,0,0,1997-10-23
14,0,14,1997-10-24
16,16,0,1997-10-25
16,16,0,1997-10-26
33,16,17,1997-10-27
47,24,23,1997-10-28
43,16,27,1997-10-29
55,23,32,1997-10-30
50,19,31,1997-10-31
56,13,43,1997-11-01
68,27,41,1997-11-02
70,23,47,1997-11-03
76,30,46,1997-11-04
66,28,38,1997-11-05
65,31,34,1997-11-06
56,29,27,1997-11-07
48,26,22,1997-11-08
32,20,12,1997-11-09
25,25,0,1997-11-10
37,37,0,1997-11-11
26,26,0,1997-11-12
34,21,13,1997-11-13
49,32,17,1997-11-14
39,25,14,1997-11-15
37,27,10,1997-11-16
57,38,19,1997-11-17
56,42,14,1997-11-18
56,39,17,1997-11-19
52,38,14,1997-11-20
53,40,13,1997-11-21
61,49,12,1997-11-22
71,48,23,1997-11-23
63,42,21,1997-11-24
39,26,13,1997-11-25
34,34,0,1997-11-26
40,40,0,1997-11-27
43,43,0,1997-11-28
50,50,0,1997-11-29
54,54,0,1997-11-30
62,51,11,1997-12-01
55,55,0,1997-12-02
45,45,0,1997-12-03
49,37,12,1997-12-04
43,32,11,1997-12-05
51,51,0,1997-12-06
54,54,0,1997-12-07
78,66,12,1997-12-08
90,54,36,1997-12-09
77,47,30,1997-12-10
82,59,23,1997-12-11
92,69,23,1997-12-12
71,51,20,1997-12-13
57,45,12,1997-12-14
55,43,12,1997-12-15
47,36,11,1997-12-16
46,35,11,1997-12-17
27,20,7,1997-12-18
20,20,0,1997-12-19
26,14,12,1997-12-20
30,14,16,1997-12-21
43,12,31,1997-12-22
61,23,38,1997-12-23
70,34,36,1997-12-24
57,22,35,1997-12-25
50,14,36,1997-12-26
55,25,30,1997-12-27
51,27,24,1997-12-28
55,24,31,1997-12-29
61,20,41,1997-12-30
61,19,42,1997-12-31
54,17,37,1998-01-01
43,18,25,1998-01-02
32,18,14,1998-01-03
28,14,14,1998-01-04
14,14,0,1998-01-05
1,0,1,1998-01-06
0,0,0,1998-01-07
0,0,0,1998-01-08
0,0,0,1998-01-09
14,0,14,1998-01-10
38,15,23,1998-01-11
53,13,40,1998-01-12
50,0,50,1998-01-13
42,0,42,1998-01-14
45,0,45,1998-01-15
73,15,58,1998-01-16
73,17,56,1998-01-17
64,22,42,1998-01-18
54,18,36,1998-01-19
24,11,13,1998-01-20
20,10,10,1998-01-21
22,8,14,1998-01-22
56,20,36,1998-01-23
92,33,59,1998-01-24
105,43,62,1998-01-25
94,41,53,1998-01-26
85,31,54,1998-01-27
74,32,42,1998-01-28
66,27,39,1998-01-29
39,25,14,1998-01-30
25,14,11,1998-01-31
21,10,11,1998-02-01
19,6,13,1998-02-02
35,13,22,1998-02-03
35,20,15,1998-02-04
27,14,13,1998-02-05
37,11,26,1998-02-06
34,11,23,1998-02-07
35,0,35,1998-02-08
41,0,41,1998-02-09
52,0,52,1998-02-10
50,10,40,1998-02-11
59,11,48,1998-02-12
59,15,44,1998-02-13
95,29,66,1998-02-14
81,20,61,1998-02-15
77,25,52,1998-02-16
72,22,50,1998-02-17
65,23,42,1998-02-18
44,11,33,1998-02-19
35,0,35,1998-02-20
26,0,26,1998-02-21
35,0,35,1998-02-22
49,15,34,1998-02-23
74,45,29,1998-02-24
72,41,31,1998-02-25
56,30,26,1998-02-26
54,20,34,1998-02-27
67,17,50,1998-02-28
88,30,58,1998-03-01
100,25,75,1998-03-02
52,13,39,1998-03-03
54,17,37,1998-03-04
48,17,31,1998-03-05
43,18,25,1998-03-06
54,24,30,1998-03-07
49,12,37,1998-03-08
52,12,40,1998-03-09
75,12,63,1998-03-10
84,12,72,1998-03-11
108,12,96,1998-03-12
111,12,99,1998-03-13
118,12,106,1998-03-14
94,12,82,1998-03-15
90,0,90,1998-03-16
88,0,88,1998-03-17
96,14,82,1998-03-18
100,19,81,1998-03-19
93,21,72,1998-03-20
103,21,82,1998-03-21
108,24,84,1998-03-22
82,19,63,1998-03-23
88,28,60,1998-03-24
88,33,55,1998-03-25
78,30,48,1998-03-26
76,18,58,1998-03-27
84,29,55,1998-03-28
87,26,61,1998-03-29
69,12,57,1998-03-30
82,0,82,1998-03-31
74,0,74,1998-04-01
78,0,78,1998-04-02
75,0,75,1998-04-03
67,0,67,1998-04-04
78,0,78,1998-04-05
83,0,83,1998-04-06
123,24,99,1998-04-07
140,21,119,1998-04-08
161,20,141,1998-04-09
143,11,132,1998-04-10
127,0,127,1998-04-11
106,0,106,1998-04-12
85,0,85,1998-04-13
93,13,80,1998-04-14
86,20,66,1998-04-15
81,24,57,1998-04-16
61,27,34,1998-04-17
30,30,0,1998-04-18
41,41,0,1998-04-19
40,40,0,1998-04-20
45,30,15,1998-04-21
42,42,0,1998-04-22
34,21,13,1998-04-23
19,10,9,1998-04-24
26,12,14,1998-04-25
17,0,17,1998-04-26
16,0,16,1998-04-27
37,0,37,1998-04-28
48,13,35,1998-04-29
61,24,37,1998-04-30
75,34,41,1998-05-01
96,39,57,1998-05-02
97,51,46,1998-05-03
96,60,36,1998-05-04
104,67,37,1998-05-05
100,61,39,1998-05-06
93,46,47,1998-05-07
83,47,36,1998-05-08
71,25,46,1998-05-09
57,13,44,1998-05-10
76,14,62,1998-05-11
96,20,76,1998-05-12
105,26,79,1998-05-13
108,36,72,1998-05-14
105,39,66,1998-05-15
104,37,67,1998-05-16
93,35,58,1998-05-17
88,39,49,1998-05-18
74,29,45,1998-05-19
57,30,27,1998-05-20
34,20,14,1998-05-21
28,17,11,1998-05-22
37,25,12,1998-05-23
42,32,10,1998-05-24
54,42,12,1998-05-25
57,45,12,1998-05-26
67,42,25,1998-05-27
43,31,12,1998-05-28
37,22,15,1998-05-29
53,23,30,1998-05-30
64,22,42,1998-05-31
63,21,42,1998-06-01
73,22,51,1998-06-02
70,25,45,1998-06-03
95,44,51,1998-06-04
101,49,52,1998-06-05
92,42,50,1998-06-06
85,28,57,1998-06-07
85,27,58,1998-06-08
104,22,82,1998-06-09
99,13,86,1998-06-10
97,23,74,1998-06-11
106,29,77,1998-06-12
117,37,80,1998-06-13
88,37,51,1998-06-14
68,32,36,1998-06-15
63,33,30,1998-06-16
86,45,41,1998-06-17
70,37,33,1998-06-18
67,43,24,1998-06-19
77,50,27,1998-06-20
82,50,32,1998-06-21
65,51,14,1998-06-22
68,47,21,1998-06-23
58,41,17,1998-06-24
96,54,42,1998-06-25
106,43,63,1998-06-26
128,56,72,1998-06-27
138,66,72,1998-06-28
140,62,78,1998-06-29
129,42,87,1998-06-30
137,54,83,1998-07-01
138,46,92,1998-07-02
138,45,93,1998-07-03
145,46,99,1998-07-04
137,36,101,1998-07-05
107,46,61,1998-07-06
74,44,30,1998-07-07
55,38,17,1998-07-08
46,19,27,1998-07-09
71,23,48,1998-07-10
83,31,52,1998-07-11
80,35,45,1998-07-12
64,16,48,1998-07-13
60,15,45,1998-07-14
80,16,64,1998-07-15
97,20,77,1998-07-16
86,15,71,1998-07-17
61,10,51,1998-07-18
51,0,51,1998-07-19
100,12,88,1998-07-20
113,13,100,1998-07-21
132,41,91,1998-07-22
131,51,80,1998-07-23
115,60,55,1998-07-24
99,68,31,1998-07-25
91,65,26,1998-07-26
94,65,29,1998-07-27
123,91,32,1998-07-28
107,85,22,1998-07-29
83,52,31,1998-07-30
99,71,28,1998-07-31
84,42,42,1998-08-01
100,58,42,1998-08-02
89,60,29,1998-08-03
87,62,25,1998-08-04
92,51,41,1998-08-05
129,74,55,1998-08-06
137,88,49,1998-08-07
127,68,59,1998-08-08
164,67,97,1998-08-09
156,60,96,1998-08-10
155,70,85,1998-08-11
159,79,80,1998-08-12
121,62,59,1998-08-13
123,65,58,1998-08-14
96,60,36,1998-08-15
123,67,56,1998-08-16
114,55,59,1998-08-17
109,49,60,1998-08-18
133,80,53,1998-08-19
120,70,50,1998-08-20
117,72,45,1998-08-21
106,72,34,1998-08-22
110,79,31,1998-08-23
104,76,28,1998-08-24
96,72,24,1998-08-25
114,89,25,1998-08-26
131,102,29,1998-08-27
126,108,18,1998-08-28
134,106,28,1998-08-29
154,112,42,1998-08-30
143,96,47,1998-08-31
142,92,50,1998-09-01
121,63,58,1998-09-02
112,61,51,1998-09-03
97,41,56,1998-09-04
114,56,58,1998-09-05
159,82,77,1998-09-06
165,91,74,1998-09-07
178,101,77,1998-09-08
169,111,58,1998-09-09
159,121,38,1998-09-10
136,103,33,1998-09-11
131,78,53,1998-09-12
135,77,58,1998-09-13
111,57,54,1998-09-14
85,45,40,1998-09-15
80,19,61,1998-09-16
105,40,65,1998-09-17
99,41,58,1998-09-18
132,60,72,1998-09-19
162,74,88,1998-09-20
178,97,81,1998-09-21
196,108,88,1998-09-22
192,101,91,1998-09-23
166,92,74,1998-09-24
149,88,61,1998-09-25
116,62,54,1998-09-26
108,57,51,1998-09-27
121,58,63,1998-09-28
85,37,48,1998-09-29
58,27,31,1998-09-30
42,15,27,1998-10-01
45,23,22,1998-10-02
35,18,17,1998-10-03
27,27,0,1998-10-04
42,28,14,1998-10-05
76,38,38,1998-10-06
93,48,45,1998-10-07
130,78,52,1998-10-08
119,71,48,1998-10-09
85,43,42,1998-10-10
72,32,40,1998-10-11
59,18,41,1998-10-12
68,45,23,1998-10-13
93,42,51,1998-10-14
119,72,47,1998-10-15
132,94,38,1998-10-16
139,118,21,1998-10-17
149,121,28,1998-10-18
136,103,33,1998-10-19
115,87,28,1998-10-20
89,59,30,1998-10-21
69,41,28,1998-10-22
71,26,45,1998-10-23
55,17,38,1998-10-24
44,17,27,1998-10-25
45,32,13,1998-10-26
25,25,0,1998-10-27
33,33,0,1998-10-28
76,41,35,1998-10-29
76,42,34,1998-10-30
74,43,31,1998-10-31
49,25,24,1998-11-01
54,54,0,1998-11-02
74,58,16,1998-11-03
116,65,51,1998-11-04
125,72,53,1998-11-05
129,86,43,1998-11-06
135,102,33,1998-11-07
121,93,28,1998-11-08
93,67,26,1998-11-09
89,56,33,1998-11-10
87,49,38,1998-11-11
96,42,54,1998-11-12
116,58,58,1998-11-13
123,62,61,1998-11-14
125,49,76,1998-11-15
100,30,70,1998-11-16
70,25,45,1998-11-17
67,11,56,1998-11-18
46,0,46,1998-11-19
60,9,51,1998-11-20
43,0,43,1998-11-21
54,0,54,1998-11-22
62,11,51,1998-11-23
78,9,69,1998-11-24
112,25,87,1998-11-25
139,51,88,1998-11-26
150,68,82,1998-11-27
139,76,63,1998-11-28
138,95,43,1998-11-29
130,92,38,1998-11-30
157,126,31,1998-12-01
144,131,13,1998-12-02
147,132,15,1998-12-03
125,110,15,1998-12-04
99,99,0,1998-12-05
130,80,50,1998-12-06
138,77,61,1998-12-07
173,74,99,1998-12-08
159,60,99,1998-12-09
157,51,106,1998-12-10
153,41,112,1998-12-11
148,33,115,1998-12-12
122,22,100,1998-12-13
121,13,108,1998-12-14
105,12,93,1998-12-15
87,13,74,1998-12-16
71,14,57,1998-12-17
87,41,46,1998-12-18
73,41,32,1998-12-19
73,50,23,1998-12-20
63,63,0,1998-12-21
57,57,0,1998-12-22
68,68,0,1998-12-23
84,72,12,1998-12-24
96,79,17,1998-12-25
118,95,23,1998-12-26
146,120,26,1998-12-27
176,135,41,1998-12-28
140,112,28,1998-12-29
144,113,31,1998-12-30
134,115,19,1998-12-31
89,71,18,1999-01-01
94,79,15,1999-01-02
80,66,14,1999-01-03
90,68,22,1999-01-04
89,61,28,1999-01-05
67,53,14,1999-01-06
89,49,40,1999-01-07
71,24,47,1999-01-08
65,17,48,1999-01-09
64,28,36,1999-01-10
44,17,27,1999-01-11
49,11,38,1999-01-12
57,14,43,1999-01-13
90,37,53,1999-01-14
115,61,54,1999-01-15
115,73,42,1999-01-16
129,79,50,1999-01-17
141,90,51,1999-01-18
168,94,74,1999-01-19
166,105,61,1999-01-20
158,104,54,1999-01-21
150,99,51,1999-01-22
121,79,42,1999-01-23
94,64,30,1999-01-24
43,33,10,1999-01-25
42,28,14,1999-01-26
39,39,0,1999-01-27
39,39,0,1999-01-28
33,33,0,1999-01-29
33,33,0,1999-01-30
42,42,0,1999-01-31
43,30,13,1999-02-01
37,0,37,1999-02-02
28,0,28,1999-02-03
22,0,22,1999-02-04
18,0,18,1999-02-05
28,0,28,1999-02-06
41,12,29,1999-02-07
53,24,29,1999-02-08
61,43,18,1999-02-09
89,56,33,1999-02-10
115,68,47,1999-02-11
170,108,62,1999-02-12
198,126,72,1999-02-13
204,121,83,1999-02-14
213,112,101,1999-02-15
197,111,86,1999-02-16
181,98,83,1999-02-17
155,86,69,1999-02-18
126,79,47,1999-02-19
127,84,43,1999-02-20
109,69,40,1999-02-21
70,57,13,1999-02-22
62,43,19,1999-02-23
56,38,18,1999-02-24
65,47,18,1999-02-25
75,59,16,1999-02-26
87,62,25,1999-02-27
114,87,27,1999-02-28
116,92,24,1999-03-01
132,90,42,1999-03-02
153,92,61,1999-03-03
144,81,63,1999-03-04
149,90,59,1999-03-05
119,62,57,1999-03-06
65,18,47,1999-03-07
62,24,38,1999-03-08
95,29,66,1999-03-09
92,35,57,1999-03-10
114,54,60,1999-03-11
131,69,62,1999-03-12
114,77,37,1999-03-13
141,92,49,1999-03-14
137,101,36,1999-03-15
146,114,32,1999-03-16
149,104,45,1999-03-17
144,83,61,1999-03-18
152,60,92,1999-03-19
117,39,78,1999-03-20
107,32,75,1999-03-21
92,39,53,1999-03-22
45,29,16,1999-03-23
62,45,17,1999-03-24
56,44,12,1999-03-25
47,47,0,1999-03-26
36,36,0,1999-03-27
56,41,15,1999-03-28
77,41,36,1999-03-29
83,47,36,1999-03-30
77,47,30,1999-03-31
65,35,30,1999-04-01
57,25,32,1999-04-02
71,34,37,1999-04-03
104,48,56,1999-04-04
119,57,62,1999-04-05
135,53,82,1999-04-06
120,56,64,1999-04-07
131,71,60,1999-04-08
153,72,81,1999-04-09
132,69,63,1999-04-10
110,51,59,1999-04-11
112,28,84,1999-04-12
119,24,95,1999-04-13
109,12,97,1999-04-14
93,0,93,1999-04-15
98,12,86,1999-04-16
110,23,87,1999-04-17
81,15,66,1999-04-18
73,34,39,1999-04-19
73,28,45,1999-04-20
62,18,44,1999-04-21
59,18,41,1999-04-22
62,21,41,1999-04-23
75,35,40,1999-04-24
66,48,18,1999-04-25
69,56,13,1999-04-26
81,69,12,1999-04-27
81,69,12,1999-04-28
90,80,10,1999-04-29
97,97,0,1999-04-30
107,96,11,1999-05-01
129,102,27,1999-05-02
112,95,17,1999-05-03
118,101,17,1999-05-04
124,89,35,1999-05-05
146,112,34,1999-05-06
200,145,55,1999-05-07
214,151,63,1999-05-08
210,142,68,1999-05-09
191,117,74,1999-05-10
188,102,86,1999-05-11
172,82,90,1999-05-12
142,73,69,1999-05-13
132,69,63,1999-05-14
148,89,59,1999-05-15
148,79,69,1999-05-16
139,72,67,1999-05-17
131,63,68,1999-05-18
132,53,79,1999-05-19
135,41,94,1999-05-20
153,53,100,1999-05-21
138,44,94,1999-05-22
121,34,87,1999-05-23
120,51,69,1999-05-24
129,67,62,1999-05-25
160,98,62,1999-05-26
167,100,67,1999-05-27
167,105,62,1999-05-28
162,117,45,1999-05-29
150,107,43,1999-05-30
153,97,56,1999-05-31
206,108,98,1999-06-01
203,105,98,1999-06-02
197,104,93,1999-06-03
211,116,95,1999-06-04
217,118,99,1999-06-05
220,112,108,1999-06-06
185,92,93,1999-06-07
197,113,84,1999-06-08
241,152,89,1999-06-09
220,152,68,1999-06-10
239,165,74,1999-06-11
230,144,86,1999-06-12
229,140,89,1999-06-13
221,131,90,1999-06-14
209,111,98,1999-06-15
181,94,87,1999-06-16
146,74,72,1999-06-17
120,72,48,1999-06-18
119,83,36,1999-06-19
93,81,12,1999-06-20
119,107,12,1999-06-21
160,143,17,1999-06-22
217,169,48,1999-06-23
293,219,74,1999-06-24
292,215,77,1999-06-25
274,208,66,1999-06-26
259,175,84,1999-06-27
254,158,96,1999-06-28
241,140,101,1999-06-29
223,119,104,1999-06-30
215,108,107,1999-07-01
223,116,107,1999-07-02
217,99,118,1999-07-03
205,103,102,1999-07-04
199,110,89,1999-07-05
186,87,99,1999-07-06
179,67,112,1999-07-07
173,54,119,1999-07-08
176,86,90,1999-07-09
171,84,87,1999-07-10
176,84,92,1999-07-11
199,93,106,1999-07-12
157,67,90,1999-07-13
128,58,70,1999-07-14
122,64,58,1999-07-15
118,60,58,1999-07-16
121,61,60,1999-07-17
137,82,55,1999-07-18
121,86,35,1999-07-19
118,104,14,1999-07-20
121,107,14,1999-07-21
144,129,15,1999-07-22
148,117,31,1999-07-23
173,126,47,1999-07-24
182,115,67,1999-07-25
153,87,66,1999-07-26
176,86,90,1999-07-27
220,116,104,1999-07-28
246,122,124,1999-07-29
252,118,134,1999-07-30
223,115,108,1999-07-31
252,146,106,1999-08-01
250,133,117,1999-08-02
229,99,130,1999-08-03
193,94,99,1999-08-04
193,103,90,1999-08-05
167,100,67,1999-08-06
152,91,61,1999-08-07
149,79,70,1999-08-08
115,47,68,1999-08-09
82,0,82,1999-08-10
79,0,79,1999-08-11
91,14,77,1999-08-12
102,27,75,1999-08-13
87,32,55,1999-08-14
74,29,45,1999-08-15
67,20,47,1999-08-16
55,21,34,1999-08-17
58,41,17,1999-08-18
64,52,12,1999-08-19
73,41,32,1999-08-20
88,35,53,1999-08-21
103,35,68,1999-08-22
115,30,85,1999-08-23
131,46,85,1999-08-24
196,94,102,1999-08-25
206,86,120,1999-08-26
194,70,124,1999-08-27
223,100,123,1999-08-28
231,112,119,1999-08-29
228,114,114,1999-08-30
165,92,73,1999-08-31
140,86,54,1999-09-01
122,88,34,1999-09-02
115,82,33,1999-09-03
103,81,22,1999-09-04
106,91,15,1999-09-05
86,86,0,1999-09-06
103,75,28,1999-09-07
113,68,45,1999-09-08
109,58,51,1999-09-09
110,61,49,1999-09-10
113,68,45,1999-09-11
126,89,37,1999-09-12
152,118,34,1999-09-13
167,134,33,1999-09-14
168,140,28,1999-09-15
165,138,27,1999-09-16
147,116,31,1999-09-17
147,108,39,1999-09-18
128,95,33,1999-09-19
97,70,27,1999-09-20
65,43,22,1999-09-21
89,37,52,1999-09-22
85,31,54,1999-09-23
61,22,39,1999-09-24
43,13,30,1999-09-25
46,19,27,1999-09-26
52,27,25,1999-09-27
68,43,25,1999-09-28
77,52,25,1999-09-29
86,58,28,1999-09-30
72,56,16,1999-10-01
93,47,46,1999-10-02
98,43,55,1999-10-03
111,56,55,1999-10-04
179,101,78,1999-10-05
197,123,74,1999-10-06
200,128,72,1999-10-07
163,101,62,1999-10-08
189,121,68,1999-10-09
188,127,61,1999-10-10
182,146,36,1999-10-11
210,185,25,1999-10-12
227,202,25,1999-10-13
218,199,19,1999-10-14
166,166,0,1999-10-15
176,164,12,1999-10-16
181,168,13,1999-10-17
165,149,16,1999-10-18
158,136,22,1999-10-19
163,123,40,1999-10-20
140,91,49,1999-10-21
124,48,76,1999-10-22
114,29,85,1999-10-23
130,36,94,1999-10-24
174,46,128,1999-10-25
207,65,142,1999-10-26
202,75,127,1999-10-27
195,79,116,1999-10-28
198,75,123,1999-10-29
224,97,127,1999-10-30
187,83,104,1999-10-31
163,64,99,1999-11-01
140,59,81,1999-11-02
114,53,61,1999-11-03
134,58,76,1999-11-04
144,69,75,1999-11-05
146,103,43,1999-11-06
174,144,30,1999-11-07
206,183,23,1999-11-08
239,228,11,1999-11-09
291,259,32,1999-11-10
290,248,42,1999-11-11
266,205,61,1999-11-12
232,175,57,1999-11-13
206,145,61,1999-11-14
216,143,73,1999-11-15
242,143,99,1999-11-16
235,118,117,1999-11-17
225,92,133,1999-11-18
232,89,143,1999-11-19
215,76,139,1999-11-20
201,67,134,1999-11-21
194,59,135,1999-11-22
155,38,117,1999-11-23
146,18,128,1999-11-24
144,0,144,1999-11-25
134,0,134,1999-11-26
175,35,140,1999-11-27
148,28,120,1999-11-28
110,30,80,1999-11-29
131,55,76,1999-11-30
142,57,85,1999-12-01
137,97,40,1999-12-02
97,76,21,1999-12-03
79,64,15,1999-12-04
70,58,12,1999-12-05
87,76,11,1999-12-06
81,70,11,1999-12-07
108,76,32,1999-12-08
120,84,36,1999-12-09
152,106,46,1999-12-10
139,95,44,1999-12-11
123,82,41,1999-12-12
141,64,77,1999-12-13
143,52,91,1999-12-14
127,30,97,1999-12-15
130,14,116,1999-12-16
141,37,104,1999-12-17
137,44,93,1999-12-18
138,48,90,1999-12-19
141,57,84,1999-12-20
128,63,65,1999-12-21
130,66,64,1999-12-22
123,64,59,1999-12-23
134,94,40,1999-12-24
128,99,29,1999-12-25
116,102,14,1999-12-26
95,83,12,1999-12-27
85,73,12,1999-12-28
103,65,38,1999-12-29
66,44,22,1999-12-30
79,57,22,1999-12-31
71,55,16,2000-01-01
75,57,18,2000-01-02
80,56,24,2000-01-03
95,74,21,2000-01-04
108,77,31,2000-01-05
126,86,40,2000-01-06
126,96,30,2000-01-07
111,74,37,2000-01-08
112,55,57,2000-01-09
96,38,58,2000-01-10
133,44,89,2000-01-11
198,58,140,2000-01-12
226,62,164,2000-01-13
242,74,168,2000-01-14
232,78,154,2000-01-15
241,75,166,2000-01-16
193,52,141,2000-01-17
177,56,121,2000-01-18
168,57,111,2000-01-19
140,59,81,2000-01-20
130,74,56,2000-01-21
124,61,63,2000-01-22
121,72,49,2000-01-23
118,59,59,2000-01-24
126,56,70,2000-01-25
114,53,61,2000-01-26
103,35,68,2000-01-27
89,31,58,2000-01-28
90,19,71,2000-01-29
75,13,62,2000-01-30
86,33,53,2000-01-31
104,38,66,2000-02-01
94,43,51,2000-02-02
119,43,76,2000-02-03
145,66,79,2000-02-04
153,82,71,2000-02-05
200,91,109,2000-02-06
191,91,100,2000-02-07
188,85,103,2000-02-08
160,54,106,2000-02-09
179,65,114,2000-02-10
167,44,123,2000-02-11
166,31,135,2000-02-12
158,26,132,2000-02-13
175,43,132,2000-02-14
173,35,138,2000-02-15
192,23,169,2000-02-16
160,12,148,2000-02-17
153,24,129,2000-02-18
131,22,109,2000-02-19
112,25,87,2000-02-20
135,45,90,2000-02-21
147,51,96,2000-02-22
139,66,73,2000-02-23
180,100,80,2000-02-24
192,101,91,2000-02-25
211,107,104,2000-02-26
220,101,119,2000-02-27
222,96,126,2000-02-28
238,119,119,2000-02-29
217,104,113,2000-03-01
204,83,121,2000-03-02
179,64,115,2000-03-03
178,38,140,2000-03-04
178,30,148,2000-03-05
203,31,172,2000-03-06
244,36,208,2000-03-07
228,16,212,2000-03-08
229,19,210,2000-03-09
215,28,187,2000-03-10
200,30,170,2000-03-11
192,41,151,2000-03-12
190,41,149,2000-03-13
181,58,123,2000-03-14
162,42,120,2000-03-15
157,57,100,2000-03-16
149,69,80,2000-03-17
159,87,72,2000-03-18
198,127,71,2000-03-19
236,159,77,2000-03-20
233,164,69,2000-03-21
245,170,75,2000-03-22
286,181,105,2000-03-23
295,146,149,2000-03-24
291,127,164,2000-03-25
267,124,143,2000-03-26
244,123,121,2000-03-27
266,143,123,2000-03-28
233,101,132,2000-03-29
233,87,146,2000-03-30
258,96,162,2000-03-31
285,117,168,2000-04-01
294,129,165,2000-04-02
270,116,154,2000-04-03
250,108,142,2000-04-04
197,82,115,2000-04-05
165,53,112,2000-04-06
143,47,96,2000-04-07
153,50,103,2000-04-08
165,49,116,2000-04-09
156,44,112,2000-04-10
146,47,99,2000-04-11
172,68,104,2000-04-12
180,75,105,2000-04-13
174,92,82,2000-04-14
160,76,84,2000-04-15
150,80,70,2000-04-16
168,84,84,2000-04-17
143,75,68,2000-04-18
157,95,62,2000-04-19
185,109,76,2000-04-20
195,117,78,2000-04-21
221,131,90,2000-04-22
259,142,117,2000-04-23
244,137,107,2000-04-24
230,133,97,2000-04-25
208,112,96,2000-04-26
180,96,84,2000-04-27
189,78,111,2000-04-28
153,55,98,2000-04-29
153,58,95,2000-04-30
124,41,83,2000-05-01
109,40,69,2000-05-02
104,36,68,2000-05-03
97,31,66,2000-05-04
97,33,64,2000-05-05
57,15,42,2000-05-06
71,38,33,2000-05-07
87,63,24,2000-05-08
135,90,45,2000-05-09
164,119,45,2000-05-10
181,122,59,2000-05-11
181,108,73,2000-05-12
220,135,85,2000-05-13
263,139,124,2000-05-14
280,132,148,2000-05-15
258,116,142,2000-05-16
232,104,128,2000-05-17
220,98,122,2000-05-18
228,122,106,2000-05-19
246,133,113,2000-05-20
222,131,91,2000-05-21
195,112,83,2000-05-22
180,113,67,2000-05-23
183,124,59,2000-05-24
157,109,48,2000-05-25
160,97,63,2000-05-26
145,74,71,2000-05-27
169,74,95,2000-05-28
160,57,103,2000-05-29
127,36,91,2000-05-30
91,0,91,2000-05-31
128,63,65,2000-06-01
119,57,62,2000-06-02
113,72,41,2000-06-03
152,93,59,2000-06-04
143,92,51,2000-06-05
149,81,68,2000-06-06
158,92,66,2000-06-07
181,109,72,2000-06-08
184,124,60,2000-06-09
179,113,66,2000-06-10
227,174,53,2000-06-11
221,182,39,2000-06-12
235,196,39,2000-06-13
257,195,62,2000-06-14
238,184,54,2000-06-15
214,160,54,2000-06-16
209,147,62,2000-06-17
221,158,63,2000-06-18
218,162,56,2000-06-19
239,174,65,2000-06-20
221,162,59,2000-06-21
191,125,66,2000-06-22
187,107,80,2000-06-23
179,105,74,2000-06-24
167,84,83,2000-06-25
194,101,93,2000-06-26
208,102,106,2000-06-27
173,95,78,2000-06-28
164,90,74,2000-06-29
172,98,74,2000-06-30
208,106,102,2000-07-01
202,93,109,2000-07-02
178,85,93,2000-07-03
164,78,86,2000-07-04
182,93,89,2000-07-05
221,108,113,2000-07-06
254,133,121,2000-07-07
254,112,142,2000-07-08
257,111,146,2000-07-09
309,145,164,2000-07-10
290,146,144,2000-07-11
267,148,119,2000-07-12
279,164,115,2000-07-13
236,154,82,2000-07-14
213,157,56,2000-07-15
283,205,78,2000-07-16
322,200,122,2000-07-17
327,194,133,2000-07-18
353,204,149,2000-07-19
346,204,142,2000-07-20
332,204,128,2000-07-21
310,184,126,2000-07-22
286,155,131,2000-07-23
246,132,114,2000-07-24
254,119,135,2000-07-25
191,101,90,2000-07-26
181,96,85,2000-07-27
172,93,79,2000-07-28
162,85,77,2000-07-29
161,75,86,2000-07-30
134,49,85,2000-07-31
147,57,90,2000-08-01
152,62,90,2000-08-02
148,72,76,2000-08-03
152,62,90,2000-08-04
199,80,119,2000-08-05
198,71,127,2000-08-06
227,97,130,2000-08-07
194,105,89,2000-08-08
177,108,69,2000-08-09
213,129,84,2000-08-10
228,146,82,2000-08-11
235,155,80,2000-08-12
243,156,87,2000-08-13
282,191,91,2000-08-14
253,169,84,2000-08-15
246,152,94,2000-08-16
210,119,91,2000-08-17
194,122,72,2000-08-18
184,113,71,2000-08-19
147,76,71,2000-08-20
106,51,55,2000-08-21
93,43,50,2000-08-22
93,43,50,2000-08-23
106,55,51,2000-08-24
112,69,43,2000-08-25
109,61,48,2000-08-26
156,69,87,2000-08-27
183,97,86,2000-08-28
191,111,80,2000-08-29
199,135,64,2000-08-30
217,156,61,2000-08-31
202,139,63,2000-09-01
168,114,54,2000-09-02
182,105,77,2000-09-03
191,91,100,2000-09-04
162,88,74,2000-09-05
162,98,64,2000-09-06
156,98,58,2000-09-07
121,81,40,2000-09-08
90,56,34,2000-09-09
60,36,24,2000-09-10
37,23,14,2000-09-11
50,13,37,2000-09-12
78,28,50,2000-09-13
85,33,52,2000-09-14
109,55,54,2000-09-15
121,63,58,2000-09-16
154,100,54,2000-09-17
159,106,53,2000-09-18
172,115,57,2000-09-19
176,116,60,2000-09-20
195,120,75,2000-09-21
202,111,91,2000-09-22
227,125,102,2000-09-23
232,135,97,2000-09-24
218,121,97,2000-09-25
229,127,102,2000-09-26
230,124,106,2000-09-27
202,80,122,2000-09-28
169,60,109,2000-09-29
142,38,104,2000-09-30
164,33,131,2000-10-01
218,63,155,2000-10-02
227,61,166,2000-10-03
214,67,147,2000-10-04
183,56,127,2000-10-05
138,47,91,2000-10-06
94,28,66,2000-10-07
103,39,64,2000-10-08
101,43,58,2000-10-09
81,48,33,2000-10-10
117,54,63,2000-10-11
174,73,101,2000-10-12
173,80,93,2000-10-13
148,48,100,2000-10-14
118,33,85,2000-10-15
131,34,97,2000-10-16
138,48,90,2000-10-17
135,51,84,2000-10-18
128,68,60,2000-10-19
134,96,38,2000-10-20
138,101,37,2000-10-21
127,91,36,2000-10-22
121,84,37,2000-10-23
117,73,44,2000-10-24
125,70,55,2000-10-25
104,47,57,2000-10-26
114,41,73,2000-10-27
151,63,88,2000-10-28
161,67,94,2000-10-29
154,60,94,2000-10-30
158,63,95,2000-10-31
207,108,99,2000-11-01
218,119,99,2000-11-02
209,122,87,2000-11-03
192,114,78,2000-11-04
197,121,76,2000-11-05
160,84,76,2000-11-06
181,96,85,2000-11-07
188,99,89,2000-11-08
141,65,76,2000-11-09
149,81,68,2000-11-10
133,62,71,2000-11-11
107,40,67,2000-11-12
104,33,71,2000-11-13
124,44,80,2000-11-14
145,65,80,2000-11-15
141,70,71,2000-11-16
139,84,55,2000-11-17
172,110,62,2000-11-18
185,133,52,2000-11-19
163,113,50,2000-11-20
178,113,65,2000-11-21
167,108,59,2000-11-22
135,95,40,2000-11-23
145,98,47,2000-11-24
109,80,29,2000-11-25
87,74,13,2000-11-26
124,97,27,2000-11-27
157,120,37,2000-11-28
182,123,59,2000-11-29
204,121,83,2000-11-30
159,86,73,2000-12-01
150,66,84,2000-12-02
162,76,86,2000-12-03
99,62,37,2000-12-04
89,62,27,2000-12-05
78,48,30,2000-12-06
93,53,40,2000-12-07
78,45,33,2000-12-08
80,65,15,2000-12-09
85,66,19,2000-12-10
99,78,21,2000-12-11
122,89,33,2000-12-12
157,117,40,2000-12-13
185,122,63,2000-12-14
210,147,63,2000-12-15
199,136,63,2000-12-16
207,129,78,2000-12-17
190,112,78,2000-12-18
162,93,69,2000-12-19
174,116,58,2000-12-20
159,104,55,2000-12-21
147,99,48,2000-12-22
140,88,52,2000-12-23
158,99,59,2000-12-24
148,81,67,2000-12-25
166,91,75,2000-12-26
162,77,85,2000-12-27
162,76,86,2000-12-28
151,71,80,2000-12-29
152,68,84,2000-12-30
119,33,86,2000-12-31
133,45,88,2001-01-01
140,49,91,2001-01-02
131,55,76,2001-01-03
146,77,69,2001-01-04
164,103,61,2001-01-05
194,115,79,2001-01-06
195,107,88,2001-01-07
157,123,34,2001-01-08
172,129,43,2001-01-09
151,133,18,2001-01-10
172,148,24,2001-01-11
175,162,13,2001-01-12
166,144,22,2001-01-13
149,149,0,2001-01-14
137,137,0,2001-01-15
112,112,0,2001-01-16
88,76,12,2001-01-17
90,71,19,2001-01-18
109,60,49,2001-01-19
91,30,61,2001-01-20
121,40,81,2001-01-21
139,19,120,2001-01-22
167,37,130,2001-01-23
176,45,131,2001-01-24
158,37,121,2001-01-25
125,25,100,2001-01-26
145,43,102,2001-01-27
152,60,92,2001-01-28
134,52,82,2001-01-29
104,56,48,2001-01-30
128,89,39,2001-01-31
118,100,18,2001-02-01
118,106,12,2001-02-02
139,119,20,2001-02-03
137,101,36,2001-02-04
158,90,68,2001-02-05
166,75,91,2001-02-06
167,105,62,2001-02-07
167,93,74,2001-02-08
172,100,72,2001-02-09
158,87,71,2001-02-10
151,89,62,2001-02-11
107,69,38,2001-02-12
107,57,50,2001-02-13
103,61,42,2001-02-14
113,59,54,2001-02-15
110,62,48,2001-02-16
107,50,57,2001-02-17
115,38,77,2001-02-18
113,38,75,2001-02-19
115,24,91,2001-02-20
142,30,112,2001-02-21
122,33,89,2001-02-22
89,24,65,2001-02-23
84,26,58,2001-02-24
84,26,58,2001-02-25
87,42,45,2001-02-26
75,38,37,2001-02-27
77,30,47,2001-02-28
76,34,42,2001-03-01
77,28,49,2001-03-02
110,62,48,2001-03-03
134,76,58,2001-03-04
152,95,57,2001-03-05
133,99,34,2001-03-06
124,89,35,2001-03-07
92,69,23,2001-03-08
115,76,39,2001-03-09
142,66,76,2001-03-10
132,41,91,2001-03-11
139,44,95,2001-03-12
108,23,85,2001-03-13
117,0,117,2001-03-14
110,16,94,2001-03-15
102,22,80,2001-03-16
75,32,43,2001-03-17
89,31,58,2001-03-18
96,42,54,2001-03-19
117,61,56,2001-03-20
129,69,60,2001-03-21
124,85,39,2001-03-22
165,104,61,2001-03-23
218,133,85,2001-03-24
272,155,117,2001-03-25
319,173,146,2001-03-26
352,183,169,2001-03-27
343,177,166,2001-03-28
340,175,165,2001-03-29
338,173,165,2001-03-30
300,154,146,2001-03-31
279,131,148,2001-04-01
249,122,127,2001-04-02
254,117,137,2001-04-03
201,102,99,2001-04-04
200,93,107,2001-04-05
165,78,87,2001-04-06
150,50,100,2001-04-07
173,51,122,2001-04-08
165,51,114,2001-04-09
171,38,133,2001-04-10
173,32,141,2001-04-11
155,17,138,2001-04-12
147,17,130,2001-04-13
138,44,94,2001-04-14
113,29,84,2001-04-15
87,27,60,2001-04-16
42,14,28,2001-04-17
57,45,12,2001-04-18
93,93,0,2001-04-19
129,92,37,2001-04-20
174,107,67,2001-04-21
164,105,59,2001-04-22
159,102,57,2001-04-23
164,110,54,2001-04-24
179,117,62,2001-04-25
179,120,59,2001-04-26
192,132,60,2001-04-27
161,120,41,2001-04-28
170,125,45,2001-04-29
168,131,37,2001-04-30
157,122,35,2001-05-01
174,133,41,2001-05-02
169,137,32,2001-05-03
194,163,31,2001-05-04
174,131,43,2001-05-05
135,98,37,2001-05-06
116,63,53,2001-05-07
81,38,43,2001-05-08
93,34,59,2001-05-09
88,31,57,2001-05-10
118,52,66,2001-05-11
124,63,61,2001-05-12
125,65,60,2001-05-13
150,66,84,2001-05-14
141,60,81,2001-05-15
146,78,68,2001-05-16
140,87,53,2001-05-17
137,97,40,2001-05-18
125,88,37,2001-05-19
121,68,53,2001-05-20
140,87,53,2001-05-21
178,113,65,2001-05-22
197,125,72,2001-05-23
174,115,59,2001-05-24
165,119,46,2001-05-25
174,128,46,2001-05-26
182,125,57,2001-05-27
151,111,40,2001-05-28
125,104,21,2001-05-29
110,87,23,2001-05-30
101,75,26,2001-05-31
88,49,39,2001-06-01
150,55,95,2001-06-02
150,64,86,2001-06-03
145,65,80,2001-06-04
161,88,73,2001-06-05
180,113,67,2001-06-06
195,122,73,2001-06-07
215,141,74,2001-06-08
254,160,94,2001-06-09
241,165,76,2001-06-10
262,176,86,2001-06-11
259,168,91,2001-06-12
242,188,54,2001-06-13
273,212,61,2001-06-14
282,232,50,2001-06-15
289,221,68,2001-06-16
270,220,50,2001-06-17
232,191,41,2001-06-18
214,164,50,2001-06-19
206,155,51,2001-06-20
218,144,74,2001-06-21
229,150,79,2001-06-22
235,162,73,2001-06-23
220,150,70,2001-06-24
198,128,70,2001-06-25
173,105,68,2001-06-26
162,92,70,2001-06-27
135,68,67,2001-06-28
112,58,54,2001-06-29
98,50,48,2001-06-30
111,56,55,2001-07-01
125,65,60,2001-07-02
120,72,48,2001-07-03
107,72,35,2001-07-04
93,57,36,2001-07-05
68,36,32,2001-07-06
71,38,33,2001-07-07
81,26,55,2001-07-08
107,38,69,2001-07-09
105,48,57,2001-07-10
104,50,54,2001-07-11
135,63,72,2001-07-12
167,89,78,2001-07-13
149,74,75,2001-07-14
153,66,87,2001-07-15
170,86,84,2001-07-16
185,86,99,2001-07-17
191,93,98,2001-07-18
183,95,88,2001-07-19
177,95,82,2001-07-20
144,86,58,2001-07-21
150,90,60,2001-07-22
152,92,60,2001-07-23
135,75,60,2001-07-24
119,65,54,2001-07-25
92,50,42,2001-07-26
90,48,42,2001-07-27
95,39,56,2001-07-28
69,23,46,2001-07-29
86,18,68,2001-07-30
78,23,55,2001-07-31
94,44,50,2001-08-01
123,62,61,2001-08-02
141,68,73,2001-08-03
175,93,82,2001-08-04
198,93,105,2001-08-05
182,82,100,2001-08-06
179,90,89,2001-08-07
178,87,91,2001-08-08
158,88,70,2001-08-09
150,73,77,2001-08-10
170,77,93,2001-08-11
170,67,103,2001-08-12
138,53,85,2001-08-13
141,42,99,2001-08-14
161,59,102,2001-08-15
193,85,108,2001-08-16
178,81,97,2001-08-17
161,84,77,2001-08-18
152,82,70,2001-08-19
153,97,56,2001-08-20
167,111,56,2001-08-21
170,109,61,2001-08-22
181,103,78,2001-08-23
176,90,86,2001-08-24
140,62,78,2001-08-25
153,50,103,2001-08-26
170,65,105,2001-08-27
184,73,111,2001-08-28
146,68,78,2001-08-29
150,70,80,2001-08-30
175,91,84,2001-08-31
163,78,85,2001-09-01
168,78,90,2001-09-02
190,86,104,2001-09-03
171,79,92,2001-09-04
190,78,112,2001-09-05
223,68,155,2001-09-06
262,82,180,2001-09-07
288,98,190,2001-09-08
262,71,191,2001-09-09
237,52,185,2001-09-10
199,43,156,2001-09-11
235,57,178,2001-09-12
237,52,185,2001-09-13
234,57,177,2001-09-14
205,62,143,2001-09-15
191,87,104,2001-09-16
177,95,82,2001-09-17
215,133,82,2001-09-18
226,145,81,2001-09-19
289,180,109,2001-09-20
273,156,117,2001-09-21
259,150,109,2001-09-22
294,169,125,2001-09-23
316,172,144,2001-09-24
305,175,130,2001-09-25
277,166,111,2001-09-26
278,171,107,2001-09-27
269,160,109,2001-09-28
251,136,115,2001-09-29
261,141,120,2001-09-30
260,139,121,2001-10-01
223,127,96,2001-10-02
209,111,98,2001-10-03
204,83,121,2001-10-04
176,45,131,2001-10-05
161,34,127,2001-10-06
159,23,136,2001-10-07
119,20,99,2001-10-08
122,23,99,2001-10-09
151,48,103,2001-10-10
175,68,107,2001-10-11
196,85,111,2001-10-12
167,71,96,2001-10-13
178,91,87,2001-10-14
190,117,73,2001-10-15
187,119,68,2001-10-16
195,125,70,2001-10-17
203,129,74,2001-10-18
221,133,88,2001-10-19
247,145,102,2001-10-20
238,136,102,2001-10-21
209,122,87,2001-10-22
221,130,91,2001-10-23
209,98,111,2001-10-24
233,123,110,2001-10-25
238,141,97,2001-10-26
221,133,88,2001-10-27
215,145,70,2001-10-28
186,138,48,2001-10-29
159,133,26,2001-10-30
144,144,0,2001-10-31
159,139,20,2001-11-01
166,134,32,2001-11-02
166,125,41,2001-11-03
184,118,66,2001-11-04
216,113,103,2001-11-05
232,114,118,2001-11-06
204,85,119,2001-11-07
252,124,128,2001-11-08
247,109,138,2001-11-09
247,116,131,2001-11-10
240,114,126,2001-11-11
201,93,108,2001-11-12
196,66,130,2001-11-13
196,86,110,2001-11-14
194,106,88,2001-11-15
149,88,61,2001-11-16
141,83,58,2001-11-17
153,98,55,2001-11-18
134,66,68,2001-11-19
144,60,84,2001-11-20
133,47,86,2001-11-21
144,60,84,2001-11-22
133,50,83,2001-11-23
111,51,60,2001-11-24
121,46,75,2001-11-25
139,66,73,2001-11-26
126,85,41,2001-11-27
177,112,65,2001-11-28
191,125,66,2001-11-29
201,130,71,2001-11-30
215,108,107,2001-12-01
241,100,141,2001-12-02
242,97,145,2001-12-03
234,79,155,2001-12-04
255,97,158,2001-12-05
229,95,134,2001-12-06
223,97,126,2001-12-07
226,107,119,2001-12-08
228,115,113,2001-12-09
186,92,94,2001-12-10
171,81,90,2001-12-11
189,87,102,2001-12-12
192,79,113,2001-12-13
163,71,92,2001-12-14
174,81,93,2001-12-15
194,91,103,2001-12-16
192,94,98,2001-12-17
186,94,92,2001-12-18
160,97,63,2001-12-19
163,110,53,2001-12-20
194,102,92,2001-12-21
218,107,111,2001-12-22
215,120,95,2001-12-23
253,137,116,2001-12-24
231,124,107,2001-12-25
270,126,144,2001-12-26
265,120,145,2001-12-27
252,113,139,2001-12-28
221,102,119,2001-12-29
216,97,119,2001-12-30
218,102,116,2001-12-31
220,94,126,2002-01-01
218,92,126,2002-01-02
220,81,139,2002-01-03
230,81,149,2002-01-04
191,62,129,2002-01-05
159,62,97,2002-01-06
146,55,91,2002-01-07
162,73,89,2002-01-08
196,87,109,2002-01-09
186,82,104,2002-01-10
209,92,117,2002-01-11
209,92,117,2002-01-12
201,84,117,2002-01-13
197,81,116,2002-01-14
168,74,94,2002-01-15
141,58,83,2002-01-16
120,54,66,2002-01-17
139,65,74,2002-01-18
160,86,74,2002-01-19
176,86,90,2002-01-20
191,89,102,2002-01-21
194,78,116,2002-01-22
227,91,136,2002-01-23
186,66,120,2002-01-24
157,79,78,2002-01-25
172,80,92,2002-01-26
191,92,99,2002-01-27
196,84,112,2002-01-28
188,83,105,2002-01-29
193,73,120,2002-01-30
181,79,102,2002-01-31
179,73,106,2002-02-01
214,94,120,2002-02-02
252,106,146,2002-02-03
243,84,159,2002-02-04
239,92,147,2002-02-05
198,74,124,2002-02-06
165,71,94,2002-02-07
165,97,68,2002-02-08
174,100,74,2002-02-09
166,65,101,2002-02-10
173,60,113,2002-02-11
174,76,98,2002-02-12
165,78,87,2002-02-13
146,78,68,2002-02-14
163,76,87,2002-02-15
125,60,65,2002-02-16
144,65,79,2002-02-17
127,56,71,2002-02-18
124,56,68,2002-02-19
151,56,95,2002-02-20
128,43,85,2002-02-21
133,30,103,2002-02-22
149,49,100,2002-02-23
157,46,111,2002-02-24
192,57,135,2002-02-25
195,60,135,2002-02-26
170,79,91,2002-02-27
154,73,81,2002-02-28
163,82,81,2002-03-01
117,60,57,2002-03-02
167,79,88,2002-03-03
170,49,121,2002-03-04
158,40,118,2002-03-05
167,76,91,2002-03-06
139,58,81,2002-03-07
118,36,82,2002-03-08
111,29,82,2002-03-09
117,32,85,2002-03-10
154,57,97,2002-03-11
135,44,91,2002-03-12
138,39,99,2002-03-13
130,31,99,2002-03-14
150,29,121,2002-03-15
141,32,109,2002-03-16
132,21,111,2002-03-17
138,21,117,2002-03-18
114,14,100,2002-03-19
127,27,100,2002-03-20
142,46,96,2002-03-21
139,43,96,2002-03-22
158,79,79,2002-03-23
166,84,82,2002-03-24
163,82,81,2002-03-25
151,79,72,2002-03-26
172,97,75,2002-03-27
160,87,73,2002-03-28
170,109,61,2002-03-29
166,111,55,2002-03-30
187,115,72,2002-03-31
180,118,62,2002-04-01
201,125,76,2002-04-02
195,124,71,2002-04-03
197,147,50,2002-04-04
197,150,47,2002-04-05
211,157,54,2002-04-06
214,127,87,2002-04-07
208,129,79,2002-04-08
229,130,99,2002-04-09
220,125,95,2002-04-10
235,119,116,2002-04-11
251,129,122,2002-04-12
223,113,110,2002-04-13
232,124,108,2002-04-14
214,107,107,2002-04-15
175,73,102,2002-04-16
146,48,98,2002-04-17
164,62,102,2002-04-18
161,48,113,2002-04-19
158,60,98,2002-04-20
147,71,76,2002-04-21
144,90,54,2002-04-22
177,113,64,2002-04-23
232,118,114,2002-04-24
228,121,107,2002-04-25
156,90,66,2002-04-26
136,102,34,2002-04-27
110,95,15,2002-04-28
135,102,33,2002-04-29
132,99,33,2002-04-30
158,108,50,2002-05-01
177,101,76,2002-05-02
231,112,119,2002-05-03
258,115,143,2002-05-04
267,101,166,2002-05-05
231,90,141,2002-05-06
244,93,151,2002-05-07
220,81,139,2002-05-08
196,61,135,2002-05-09
207,44,163,2002-05-10
214,36,178,2002-05-11
202,40,162,2002-05-12
161,26,135,2002-05-13
118,14,104,2002-05-14
115,25,90,2002-05-15
130,42,88,2002-05-16
134,58,76,2002-05-17
144,65,79,2002-05-18
144,73,71,2002-05-19
166,93,73,2002-05-20
188,107,81,2002-05-21
213,120,93,2002-05-22
211,127,84,2002-05-23
199,131,68,2002-05-24
197,137,60,2002-05-25
188,140,48,2002-05-26
191,140,51,2002-05-27
185,127,58,2002-05-28
177,98,79,2002-05-29
160,75,85,2002-05-30
186,67,119,2002-05-31
181,53,128,2002-06-01
188,41,147,2002-06-02
194,58,136,2002-06-03
219,89,130,2002-06-04
184,83,101,2002-06-05
197,66,131,2002-06-06
197,63,134,2002-06-07
185,60,125,2002-06-08
165,53,112,2002-06-09
128,44,84,2002-06-10
99,28,71,2002-06-11
109,48,61,2002-06-12
80,33,47,2002-06-13
107,51,56,2002-06-14
102,51,51,2002-06-15
117,67,50,2002-06-16
88,59,29,2002-06-17
127,69,58,2002-06-18
115,58,57,2002-06-19
108,48,60,2002-06-20
83,38,45,2002-06-21
83,35,48,2002-06-22
95,39,56,2002-06-23
108,36,72,2002-06-24
111,38,73,2002-06-25
108,25,83,2002-06-26
96,13,83,2002-06-27
88,16,72,2002-06-28
96,13,83,2002-06-29
105,28,77,2002-06-30
94,15,79,2002-07-01
99,0,99,2002-07-02
129,0,129,2002-07-03
133,0,133,2002-07-04
142,0,142,2002-07-05
121,0,121,2002-07-06
107,0,107,2002-07-07
102,0,102,2002-07-08
103,14,89,2002-07-09
94,19,75,2002-07-10
99,45,54,2002-07-11
84,53,31,2002-07-12
116,71,45,2002-07-13
126,78,48,2002-07-14
155,102,53,2002-07-15
160,108,52,2002-07-16
147,94,53,2002-07-17
149,91,58,2002-07-18
134,71,63,2002-07-19
124,55,69,2002-07-20
124,52,72,2002-07-21
147,47,100,2002-07-22
196,53,143,2002-07-23
209,68,141,2002-07-24
215,78,137,2002-07-25
265,113,152,2002-07-26
294,100,194,2002-07-27
310,121,189,2002-07-28
293,86,207,2002-07-29
281,79,202,2002-07-30
239,66,173,2002-07-31
207,42,165,2002-08-01
199,42,157,2002-08-02
183,44,139,2002-08-03
143,54,89,2002-08-04
127,50,77,2002-08-05
131,75,56,2002-08-06
133,79,54,2002-08-07
115,70,45,2002-08-08
110,84,26,2002-08-09
110,80,30,2002-08-10
149,104,45,2002-08-11
177,103,74,2002-08-12
202,109,93,2002-08-13
267,143,124,2002-08-14
279,143,136,2002-08-15
263,145,118,2002-08-16
281,141,140,2002-08-17
270,127,143,2002-08-18
248,86,162,2002-08-19
211,74,137,2002-08-20
192,42,150,2002-08-21
172,30,142,2002-08-22
186,18,168,2002-08-23
149,0,149,2002-08-24
148,15,133,2002-08-25
119,15,104,2002-08-26
121,11,110,2002-08-27
122,0,122,2002-08-28
124,17,107,2002-08-29
146,33,113,2002-08-30
160,45,115,2002-08-31
206,82,124,2002-09-01
233,105,128,2002-09-02
252,129,123,2002-09-03
247,134,113,2002-09-04
226,128,98,2002-09-05
202,116,86,2002-09-06
206,117,89,2002-09-07
213,131,82,2002-09-08
199,112,87,2002-09-09
202,103,99,2002-09-10
187,96,91,2002-09-11
187,96,91,2002-09-12
187,103,84,2002-09-13
149,57,92,2002-09-14
166,63,103,2002-09-15
170,53,117,2002-09-16
199,43,156,2002-09-17
207,43,164,2002-09-18
192,27,165,2002-09-19
195,19,176,2002-09-20
182,21,161,2002-09-21
185,41,144,2002-09-22
192,43,149,2002-09-23
177,69,108,2002-09-24
190,91,99,2002-09-25
154,91,63,2002-09-26
154,87,67,2002-09-27
137,89,48,2002-09-28
130,79,51,2002-09-29
110,74,36,2002-09-30
90,61,29,2002-10-01
109,69,40,2002-10-02
104,64,40,2002-10-03
93,60,33,2002-10-04
118,64,54,2002-10-05
126,64,62,2002-10-06
123,62,61,2002-10-07
157,89,68,2002-10-08
164,79,85,2002-10-09
200,118,82,2002-10-10
188,123,65,2002-10-11
189,121,68,2002-10-12
185,109,76,2002-10-13
177,95,82,2002-10-14
180,84,96,2002-10-15
199,81,118,2002-10-16
171,65,106,2002-10-17
183,62,121,2002-10-18
186,71,115,2002-10-19
189,96,93,2002-10-20
144,81,63,2002-10-21
136,80,56,2002-10-22
119,79,40,2002-10-23
113,85,28,2002-10-24
119,94,25,2002-10-25
126,92,34,2002-10-26
130,91,39,2002-10-27
135,82,53,2002-10-28
177,102,75,2002-10-29
186,126,60,2002-10-30
171,134,37,2002-10-31
191,151,40,2002-11-01
177,119,58,2002-11-02
190,120,70,2002-11-03
165,96,69,2002-11-04
188,99,89,2002-11-05
211,117,94,2002-11-06
223,108,115,2002-11-07
188,74,114,2002-11-08
199,79,120,2002-11-09
194,66,128,2002-11-10
176,45,131,2002-11-11
154,14,140,2002-11-12
145,14,131,2002-11-13
160,37,123,2002-11-14
157,52,105,2002-11-15
137,35,102,2002-11-16
140,35,105,2002-11-17
128,37,91,2002-11-18
114,15,99,2002-11-19
145,34,111,2002-11-20
126,35,91,2002-11-21
122,29,93,2002-11-22
119,25,94,2002-11-23
103,29,74,2002-11-24
86,29,57,2002-11-25
76,36,40,2002-11-26
105,54,51,2002-11-27
108,57,51,2002-11-28
94,55,39,2002-11-29
94,39,55,2002-11-30
121,40,81,2002-12-01
110,53,57,2002-12-02
107,62,45,2002-12-03
134,85,49,2002-12-04
137,89,48,2002-12-05
137,90,47,2002-12-06
132,82,50,2002-12-07
164,89,75,2002-12-08
179,89,90,2002-12-09
157,40,117,2002-12-10
124,44,80,2002-12-11
109,30,79,2002-12-12
126,42,84,2002-12-13
208,81,127,2002-12-14
199,90,109,2002-12-15
216,116,100,2002-12-16
234,119,115,2002-12-17
224,99,125,2002-12-18
224,85,139,2002-12-19
208,84,124,2002-12-20
187,68,119,2002-12-21
174,54,120,2002-12-22
126,32,94,2002-12-23
95,30,65,2002-12-24
59,30,29,2002-12-25
54,25,29,2002-12-26
49,24,25,2002-12-27
45,33,12,2002-12-28
52,34,18,2002-12-29
49,24,25,2002-12-30
55,15,40,2002-12-31
52,13,39,2003-01-01
45,12,33,2003-01-02
110,23,87,2003-01-03
109,13,96,2003-01-04
114,13,101,2003-01-05
144,30,114,2003-01-06
151,25,126,2003-01-07
181,17,164,2003-01-08
182,13,169,2003-01-09
196,17,179,2003-01-10
196,20,176,2003-01-11
174,15,159,2003-01-12
157,0,157,2003-01-13
157,37,120,2003-01-14
141,42,99,2003-01-15
141,54,87,2003-01-16
136,60,76,2003-01-17
129,64,65,2003-01-18
146,76,70,2003-01-19
156,86,70,2003-01-20
114,57,57,2003-01-21
144,57,87,2003-01-22
117,40,77,2003-01-23
127,37,90,2003-01-24
99,23,76,2003-01-25
121,20,101,2003-01-26
142,35,107,2003-01-27
142,37,105,2003-01-28
141,24,117,2003-01-29
104,22,82,2003-01-30
69,17,52,2003-01-31
66,12,54,2003-02-01
71,0,71,2003-02-02
59,0,59,2003-02-03
58,0,58,2003-02-04
82,18,64,2003-02-05
112,23,89,2003-02-06
135,38,97,2003-02-07
143,51,92,2003-02-08
153,53,100,2003-02-09
120,36,84,2003-02-10
120,44,76,2003-02-11
117,48,69,2003-02-12
97,41,56,2003-02-13
74,36,38,2003-02-14
51,51,0,2003-02-15
33,33,0,2003-02-16
16,16,0,2003-02-17
33,33,0,2003-02-18
54,54,0,2003-02-19
72,61,11,2003-02-20
76,61,15,2003-02-21
56,43,13,2003-02-22
46,46,0,2003-02-23
46,46,0,2003-02-24
53,36,17,2003-02-25
49,34,15,2003-02-26
71,17,54,2003-02-27
56,18,38,2003-02-28
79,23,56,2003-03-01
97,31,66,2003-03-02
94,40,54,2003-03-03
132,66,66,2003-03-04
107,64,43,2003-03-05
104,64,40,2003-03-06
130,81,49,2003-03-07
109,58,51,2003-03-08
147,74,73,2003-03-09
117,49,68,2003-03-10
114,63,51,2003-03-11
92,58,34,2003-03-12
74,56,18,2003-03-13
96,55,41,2003-03-14
104,54,50,2003-03-15
102,48,54,2003-03-16
68,23,45,2003-03-17
71,23,48,2003-03-18
64,18,46,2003-03-19
48,13,35,2003-03-20
38,0,38,2003-03-21
13,0,13,2003-03-22
45,23,22,2003-03-23
54,41,13,2003-03-24
86,61,25,2003-03-25
115,82,33,2003-03-26
134,89,45,2003-03-27
150,92,58,2003-03-28
185,96,89,2003-03-29
185,94,91,2003-03-30
168,81,87,2003-03-31
152,57,95,2003-04-01
168,70,98,2003-04-02
147,70,77,2003-04-03
117,59,58,2003-04-04
98,49,49,2003-04-05
85,36,49,2003-04-06
78,37,41,2003-04-07
55,42,13,2003-04-08
69,41,28,2003-04-09
62,34,28,2003-04-10
41,25,16,2003-04-11
60,41,19,2003-04-12
62,34,28,2003-04-13
57,29,28,2003-04-14
47,16,31,2003-04-15
26,0,26,2003-04-16
31,0,31,2003-04-17
44,21,23,2003-04-18
55,28,27,2003-04-19
73,39,34,2003-04-20
95,57,38,2003-04-21
122,70,52,2003-04-22
119,82,37,2003-04-23
119,80,39,2003-04-24
145,108,37,2003-04-25
140,83,57,2003-04-26
168,62,106,2003-04-27
163,44,119,2003-04-28
178,42,136,2003-04-29
160,36,124,2003-04-30
157,46,111,2003-05-01
137,43,94,2003-05-02
151,41,110,2003-05-03
153,46,107,2003-05-04
148,51,97,2003-05-05
124,49,75,2003-05-06
103,29,74,2003-05-07
52,27,25,2003-05-08
32,32,0,2003-05-09
27,27,0,2003-05-10
57,32,25,2003-05-11
60,30,30,2003-05-12
65,35,30,2003-05-13
68,36,32,2003-05-14
79,46,33,2003-05-15
81,46,35,2003-05-16
62,0,62,2003-05-17
70,19,51,2003-05-18
76,0,76,2003-05-19
97,0,97,2003-05-20
79,0,79,2003-05-21
103,0,103,2003-05-22
91,29,62,2003-05-23
59,0,59,2003-05-24
62,0,62,2003-05-25
83,13,70,2003-05-26
91,0,91,2003-05-27
99,14,85,2003-05-28
89,14,75,2003-05-29
70,13,57,2003-05-30
67,14,53,2003-05-31
64,32,32,2003-06-01
58,41,17,2003-06-02
61,44,17,2003-06-03
72,57,15,2003-06-04
91,77,14,2003-06-05
132,106,26,2003-06-06
150,115,35,2003-06-07
155,117,38,2003-06-08
170,123,47,2003-06-09
170,93,77,2003-06-10
178,95,83,2003-06-11
176,78,98,2003-06-12
147,58,89,2003-06-13
124,46,78,2003-06-14
97,43,54,2003-06-15
87,24,63,2003-06-16
86,34,52,2003-06-17
104,44,60,2003-06-18
117,38,79,2003-06-19
114,43,71,2003-06-20
95,32,63,2003-06-21
94,42,52,2003-06-22
101,61,40,2003-06-23
104,67,37,2003-06-24
117,88,29,2003-06-25
126,97,29,2003-06-26
143,112,31,2003-06-27
143,108,35,2003-06-28
144,107,37,2003-06-29
141,110,31,2003-06-30
154,120,34,2003-07-01
149,135,14,2003-07-02
123,123,0,2003-07-03
103,103,0,2003-07-04
86,86,0,2003-07-05
97,97,0,2003-07-06
131,79,52,2003-07-07
137,71,66,2003-07-08
139,71,68,2003-07-09
114,46,68,2003-07-10
94,20,74,2003-07-11
105,20,85,2003-07-12
148,57,91,2003-07-13
148,71,77,2003-07-14
162,97,65,2003-07-15
162,100,62,2003-07-16
173,111,62,2003-07-17
186,111,75,2003-07-18
197,103,94,2003-07-19
248,111,137,2003-07-20
225,102,123,2003-07-21
190,80,110,2003-07-22
154,72,82,2003-07-23
120,69,51,2003-07-24
72,46,26,2003-07-25
43,31,12,2003-07-26
51,32,19,2003-07-27
77,48,29,2003-07-28
66,32,34,2003-07-29
59,34,25,2003-07-30
65,31,34,2003-07-31
78,24,54,2003-08-01
89,13,76,2003-08-02
121,35,86,2003-08-03
116,37,79,2003-08-04
138,46,92,2003-08-05
132,33,99,2003-08-06
124,25,99,2003-08-07
109,0,109,2003-08-08
111,0,111,2003-08-09
114,0,114,2003-08-10
114,0,114,2003-08-11
113,0,113,2003-08-12
111,10,101,2003-08-13
100,0,100,2003-08-14
106,0,106,2003-08-15
116,0,116,2003-08-16
117,19,98,2003-08-17
106,22,84,2003-08-18
92,30,62,2003-08-19
98,44,54,2003-08-20
92,73,19,2003-08-21
109,68,41,2003-08-22
121,81,40,2003-08-23
130,90,40,2003-08-24
130,98,32,2003-08-25
141,106,35,2003-08-26
143,100,43,2003-08-27
151,103,48,2003-08-28
135,84,51,2003-08-29
117,74,43,2003-08-30
103,62,41,2003-08-31
74,21,53,2003-09-01
74,21,53,2003-09-02
76,15,61,2003-09-03
81,11,70,2003-09-04
63,0,63,2003-09-05
60,0,60,2003-09-06
48,0,48,2003-09-07
40,0,40,2003-09-08
27,0,27,2003-09-09
40,0,40,2003-09-10
55,0,55,2003-09-11
47,0,47,2003-09-12
48,0,48,2003-09-13
53,0,53,2003-09-14
68,23,45,2003-09-15
74,27,47,2003-09-16
94,53,41,2003-09-17
94,55,39,2003-09-18
84,48,36,2003-09-19
74,40,34,2003-09-20
81,57,24,2003-09-21
92,48,44,2003-09-22
105,57,48,2003-09-23
103,60,43,2003-09-24
108,69,39,2003-09-25
124,77,47,2003-09-26
127,74,53,2003-09-27
115,60,55,2003-09-28
119,51,68,2003-09-29
106,34,72,2003-09-30
114,30,84,2003-10-01
102,23,79,2003-10-02
93,12,81,2003-10-03
73,0,73,2003-10-04
75,0,75,2003-10-05
61,0,61,2003-10-06
61,0,61,2003-10-07
64,0,64,2003-10-08
70,15,55,2003-10-09
67,19,48,2003-10-10
66,24,42,2003-10-11
37,13,24,2003-10-12
19,0,19,2003-10-13
19,10,9,2003-10-14
19,19,0,2003-10-15
28,15,13,2003-10-16
45,24,21,2003-10-17
61,40,21,2003-10-18
61,51,10,2003-10-19
70,54,16,2003-10-20
88,57,31,2003-10-21
87,56,31,2003-10-22
91,54,37,2003-10-23
112,69,43,2003-10-24
132,72,60,2003-10-25
133,67,66,2003-10-26
199,91,108,2003-10-27
247,106,141,2003-10-28
250,99,151,2003-10-29
250,82,168,2003-10-30
239,81,158,2003-10-31
153,64,89,2003-11-01
138,49,89,2003-11-02
89,38,51,2003-11-03
64,32,32,2003-11-04
15,0,15,2003-11-05
11,0,11,2003-11-06
15,0,15,2003-11-07
26,0,26,2003-11-08
48,0,48,2003-11-09
48,0,48,2003-11-10
37,0,37,2003-11-11
14,6,8,2003-11-12
26,26,0,2003-11-13
28,28,0,2003-11-14
41,41,0,2003-11-15
52,52,0,2003-11-16
42,42,0,2003-11-17
64,44,20,2003-11-18
86,45,41,2003-11-19
111,54,57,2003-11-20
119,55,64,2003-11-21
102,52,50,2003-11-22
134,61,73,2003-11-23
132,62,70,2003-11-24
151,69,82,2003-11-25
147,61,86,2003-11-26
163,65,98,2003-11-27
149,42,107,2003-11-28
139,36,103,2003-11-29
143,36,107,2003-11-30
143,16,127,2003-12-01
112,12,100,2003-12-02
112,14,98,2003-12-03
103,14,89,2003-12-04
92,12,80,2003-12-05
70,12,58,2003-12-06
50,14,36,2003-12-07
40,11,29,2003-12-08
25,0,25,2003-12-09
39,12,27,2003-12-10
39,12,27,2003-12-11
39,23,16,2003-12-12
44,30,14,2003-12-13
48,34,14,2003-12-14
47,31,16,2003-12-15
61,34,27,2003-12-16
106,47,59,2003-12-17
110,59,51,2003-12-18
110,73,37,2003-12-19
115,84,31,2003-12-20
93,71,22,2003-12-21
115,90,25,2003-12-22
118,90,28,2003-12-23
92,65,27,2003-12-24
68,53,15,2003-12-25
62,43,19,2003-12-26
48,31,17,2003-12-27
53,28,25,2003-12-28
40,28,12,2003-12-29
26,26,0,2003-12-30
19,10,9,2003-12-31
52,0,52,2004-01-01
65,0,65,2004-01-02
73,0,73,2004-01-03
75,0,75,2004-01-04
71,0,71,2004-01-05
63,0,63,2004-01-06
81,24,57,2004-01-07
86,37,49,2004-01-08
62,24,38,2004-01-09
58,26,32,2004-01-10
52,24,28,2004-01-11
47,21,26,2004-01-12
57,21,36,2004-01-13
55,19,36,2004-01-14
70,33,37,2004-01-15
81,34,47,2004-01-16
80,33,47,2004-01-17
70,16,54,2004-01-18
88,36,52,2004-01-19
99,49,50,2004-01-20
99,52,47,2004-01-21
80,46,34,2004-01-22
68,39,29,2004-01-23
55,31,24,2004-01-24
26,13,13,2004-01-25
21,11,10,2004-01-26
0,0,0,2004-01-27
13,7,6,2004-01-28
26,0,26,2004-01-29
44,0,44,2004-01-30
62,26,36,2004-01-31
70,26,44,2004-02-01
104,29,75,2004-02-02
103,29,74,2004-02-03
98,29,69,2004-02-04
101,29,72,2004-02-05
83,33,50,2004-02-06
65,29,36,2004-02-07
73,23,50,2004-02-08
78,20,58,2004-02-09
78,23,55,2004-02-10
72,16,56,2004-02-11
78,20,58,2004-02-12
78,18,60,2004-02-13
62,31,31,2004-02-14
82,36,46,2004-02-15
67,29,38,2004-02-16
29,16,13,2004-02-17
36,23,13,2004-02-18
29,13,16,2004-02-19
42,13,29,2004-02-20
49,26,23,2004-02-21
49,25,24,2004-02-22
90,47,43,2004-02-23
77,43,34,2004-02-24
86,45,41,2004-02-25
86,44,42,2004-02-26
109,37,72,2004-02-27
108,38,70,2004-02-28
82,28,54,2004-02-29
67,20,47,2004-03-01
47,0,47,2004-03-02
40,0,40,2004-03-03
35,0,35,2004-03-04
53,0,53,2004-03-05
59,0,59,2004-03-06
61,0,61,2004-03-07
53,0,53,2004-03-08
58,0,58,2004-03-09
58,0,58,2004-03-10
58,0,58,2004-03-11
73,15,58,2004-03-12
61,18,43,2004-03-13
58,20,38,2004-03-14
49,15,34,2004-03-15
56,12,44,2004-03-16
73,12,61,2004-03-17
82,0,82,2004-03-18
88,18,70,2004-03-19
76,21,55,2004-03-20
73,24,49,2004-03-21
87,31,56,2004-03-22
93,35,58,2004-03-23
87,37,50,2004-03-24
127,66,61,2004-03-25
128,59,69,2004-03-26
134,59,75,2004-03-27
116,47,69,2004-03-28
101,41,60,2004-03-29
82,35,47,2004-03-30
85,32,53,2004-03-31
83,30,53,2004-04-01
77,21,56,2004-04-02
71,15,56,2004-04-03
83,24,59,2004-04-04
86,26,60,2004-04-05
60,12,48,2004-04-06
59,0,59,2004-04-07
41,0,41,2004-04-08
23,0,23,2004-04-09
20,0,20,2004-04-10
20,0,20,2004-04-11
38,0,38,2004-04-12
53,0,53,2004-04-13
63,12,51,2004-04-14
51,14,37,2004-04-15
47,15,32,2004-04-16
75,14,61,2004-04-17
87,14,73,2004-04-18
95,14,81,2004-04-19
89,11,78,2004-04-20
89,0,89,2004-04-21
86,0,86,2004-04-22
65,0,65,2004-04-23
57,17,40,2004-04-24
47,27,20,2004-04-25
51,36,15,2004-04-26
39,23,16,2004-04-27
35,21,14,2004-04-28
36,15,21,2004-04-29
51,14,37,2004-04-30
77,14,63,2004-05-01
49,0,49,2004-05-02
56,0,56,2004-05-03
58,0,58,2004-05-04
51,0,51,2004-05-05
35,0,35,2004-05-06
28,0,28,2004-05-07
30,0,30,2004-05-08
42,0,42,2004-05-09
51,0,51,2004-05-10
44,0,44,2004-05-11
70,0,70,2004-05-12
65,0,65,2004-05-13
95,21,74,2004-05-14
102,28,74,2004-05-15
128,51,77,2004-05-16
121,42,79,2004-05-17
105,33,72,2004-05-18
102,33,69,2004-05-19
104,30,74,2004-05-20
91,16,75,2004-05-21
83,25,58,2004-05-22
104,16,88,2004-05-23
109,14,95,2004-05-24
97,14,83,2004-05-25
76,14,62,2004-05-26
56,14,42,2004-05-27
53,12,41,2004-05-28
54,0,54,2004-05-29
61,0,61,2004-05-30
60,0,60,2004-05-31
54,0,54,2004-06-01
55,0,55,2004-06-02
57,0,57,2004-06-03
55,0,55,2004-06-04
55,12,43,2004-06-05
45,17,28,2004-06-06
57,0,57,2004-06-07
51,0,51,2004-06-08
52,0,52,2004-06-09
48,0,48,2004-06-10
37,0,37,2004-06-11
28,0,28,2004-06-12
43,14,29,2004-06-13
54,22,32,2004-06-14
68,25,43,2004-06-15
98,28,70,2004-06-16
95,32,63,2004-06-17
103,32,71,2004-06-18
106,28,78,2004-06-19
132,26,106,2004-06-20
134,23,111,2004-06-21
117,17,100,2004-06-22
94,15,79,2004-06-23
80,26,54,2004-06-24
57,25,32,2004-06-25
52,21,31,2004-06-26
48,25,23,2004-06-27
46,32,14,2004-06-28
40,23,17,2004-06-29
34,19,15,2004-06-30
28,15,13,2004-07-01
33,18,15,2004-07-02
33,17,16,2004-07-03
31,18,13,2004-07-04
26,26,0,2004-07-05
28,15,13,2004-07-06
15,0,15,2004-07-07
18,0,18,2004-07-08
44,0,44,2004-07-09
62,24,38,2004-07-10
77,36,41,2004-07-11
89,45,44,2004-07-12
144,67,77,2004-07-13
148,61,87,2004-07-14
135,48,87,2004-07-15
107,16,91,2004-07-16
130,44,86,2004-07-17
153,56,97,2004-07-18
164,72,92,2004-07-19
149,77,72,2004-07-20
144,85,59,2004-07-21
138,89,49,2004-07-22
121,85,36,2004-07-23
113,82,31,2004-07-24
94,79,15,2004-07-25
105,84,21,2004-07-26
90,74,16,2004-07-27
64,51,13,2004-07-28
39,39,0,2004-07-29
39,26,13,2004-07-30
38,23,15,2004-07-31
39,19,20,2004-08-01
48,21,27,2004-08-02
51,17,34,2004-08-03
56,14,42,2004-08-04
36,0,36,2004-08-05
56,0,56,2004-08-06
75,14,61,2004-08-07
67,14,53,2004-08-08
85,26,59,2004-08-09
99,27,72,2004-08-10
107,27,80,2004-08-11
116,27,89,2004-08-12
130,41,89,2004-08-13
116,29,87,2004-08-14
104,29,75,2004-08-15
92,22,70,2004-08-16
75,24,51,2004-08-17
70,48,22,2004-08-18
61,61,0,2004-08-19
85,70,15,2004-08-20
97,70,27,2004-08-21
113,79,34,2004-08-22
96,70,26,2004-08-23
65,36,29,2004-08-24
53,36,17,2004-08-25
41,19,22,2004-08-26
36,22,14,2004-08-27
34,20,14,2004-08-28
27,15,12,2004-08-29
17,17,0,2004-08-30
15,15,0,2004-08-31
14,0,14,2004-09-01
14,0,14,2004-09-02
32,0,32,2004-09-03
35,0,35,2004-09-04
65,0,65,2004-09-05
56,0,56,2004-09-06
67,0,67,2004-09-07
83,0,83,2004-09-08
90,12,78,2004-09-09
77,18,59,2004-09-10
74,23,51,2004-09-11
76,34,42,2004-09-12
69,41,28,2004-09-13
56,56,0,2004-09-14
69,53,16,2004-09-15
67,46,21,2004-09-16
63,37,26,2004-09-17
58,23,35,2004-09-18
60,28,32,2004-09-19
47,16,31,2004-09-20
42,12,30,2004-09-21
30,0,30,2004-09-22
18,0,18,2004-09-23
18,0,18,2004-09-24
18,0,18,2004-09-25
26,0,26,2004-09-26
26,0,26,2004-09-27
14,0,14,2004-09-28
44,0,44,2004-09-29
55,25,30,2004-09-30
28,0,28,2004-10-01
25,0,25,2004-10-02
43,14,29,2004-10-03
42,12,30,2004-10-04
32,0,32,2004-10-05
26,0,26,2004-10-06
34,0,34,2004-10-07
36,14,22,2004-10-08
15,15,0,2004-10-09
0,0,0,2004-10-10
0,0,0,2004-10-11
19,19,0,2004-10-12
31,16,15,2004-10-13
31,12,19,2004-10-14
25,0,25,2004-10-15
28,0,28,2004-10-16
68,0,68,2004-10-17
83,0,83,2004-10-18
93,11,82,2004-10-19
102,15,87,2004-10-20
117,28,89,2004-10-21
124,43,81,2004-10-22
144,63,81,2004-10-23
153,83,70,2004-10-24
139,91,48,2004-10-25
141,99,42,2004-10-26
145,86,59,2004-10-27
148,93,55,2004-10-28
138,85,53,2004-10-29
148,79,69,2004-10-30
141,67,74,2004-10-31
122,45,77,2004-11-01
119,47,72,2004-11-02
108,42,66,2004-11-03
93,38,55,2004-11-04
89,37,52,2004-11-05
100,52,48,2004-11-06
101,48,53,2004-11-07
92,48,44,2004-11-08
84,48,36,2004-11-09
52,36,16,2004-11-10
61,39,22,2004-11-11
61,31,30,2004-11-12
68,31,37,2004-11-13
77,39,38,2004-11-14
71,31,40,2004-11-15
66,23,43,2004-11-16
66,18,48,2004-11-17
61,21,40,2004-11-18
56,22,34,2004-11-19
53,22,31,2004-11-20
42,26,16,2004-11-21
47,24,23,2004-11-22
45,29,16,2004-11-23
55,16,39,2004-11-24
55,16,39,2004-11-25
55,15,40,2004-11-26
60,23,37,2004-11-27
47,13,34,2004-11-28
45,11,34,2004-11-29
52,11,41,2004-11-30
52,13,39,2004-12-01
47,13,34,2004-12-02
48,14,34,2004-12-03
42,15,27,2004-12-04
47,23,24,2004-12-05
39,18,21,2004-12-06
15,15,0,2004-12-07
24,13,11,2004-12-08
21,0,21,2004-12-09
24,24,0,2004-12-10
21,21,0,2004-12-11
36,36,0,2004-12-12
26,26,0,2004-12-13
23,23,0,2004-12-14
13,13,0,2004-12-15
16,0,16,2004-12-16
39,0,39,2004-12-17
34,0,34,2004-12-18
19,0,19,2004-12-19
18,0,18,2004-12-20
24,0,24,2004-12-21
42,0,42,2004-12-22
29,0,29,2004-12-23
36,0,36,2004-12-24
19,0,19,2004-12-25
16,0,16,2004-12-26
16,0,16,2004-12-27
27,13,14,2004-12-28
19,19,0,2004-12-29
29,29,0,2004-12-30
36,25,11,2004-12-31
49,37,12,2005-01-01
49,49,0,2005-01-02
37,25,12,2005-01-03
22,22,0,2005-01-04
17,17,0,2005-01-05
18,18,0,2005-01-06
17,17,0,2005-01-07
15,0,15,2005-01-08
22,0,22,2005-01-09
29,0,29,2005-01-10
42,19,23,2005-01-11
61,34,27,2005-01-12
63,35,28,2005-01-13
83,40,43,2005-01-14
91,45,46,2005-01-15
100,54,46,2005-01-16
98,58,40,2005-01-17
94,59,35,2005-01-18
69,51,18,2005-01-19
65,46,19,2005-01-20
69,38,31,2005-01-21
48,14,34,2005-01-22
40,12,28,2005-01-23
43,14,29,2005-01-24
49,12,37,2005-01-25
35,12,23,2005-01-26
31,12,19,2005-01-27
31,12,19,2005-01-28
29,12,17,2005-01-29
34,0,34,2005-01-30
40,0,40,2005-01-31
28,0,28,2005-02-01
25,0,25,2005-02-02
16,0,16,2005-02-03
22,0,22,2005-02-04
24,0,24,2005-02-05
57,23,34,2005-02-06
57,26,31,2005-02-07
52,25,27,2005-02-08
58,22,36,2005-02-09
72,21,51,2005-02-10
78,23,55,2005-02-11
84,27,57,2005-02-12
72,18,54,2005-02-13
72,12,60,2005-02-14
78,0,78,2005-02-15
67,0,67,2005-02-16
64,0,64,2005-02-17
55,0,55,2005-02-18
46,0,46,2005-02-19
40,0,40,2005-02-20
30,17,13,2005-02-21
30,17,13,2005-02-22
24,0,24,2005-02-23
16,0,16,2005-02-24
12,0,12,2005-02-25
18,0,18,2005-02-26
12,6,6,2005-02-27
10,6,4,2005-02-28
0,0,0,2005-03-01
13,0,13,2005-03-02
15,0,15,2005-03-03
13,13,0,2005-03-04
15,15,0,2005-03-05
16,16,0,2005-03-06
29,16,13,2005-03-07
53,18,35,2005-03-08
61,22,39,2005-03-09
66,19,47,2005-03-10
70,28,42,2005-03-11
68,16,52,2005-03-12
68,16,52,2005-03-13
65,15,50,2005-03-14
60,13,47,2005-03-15
45,0,45,2005-03-16
40,0,40,2005-03-17
40,0,40,2005-03-18
42,0,42,2005-03-19
40,0,40,2005-03-20
48,13,35,2005-03-21
45,21,24,2005-03-22
52,28,24,2005-03-23
66,31,35,2005-03-24
55,24,31,2005-03-25
42,19,23,2005-03-26
36,16,20,2005-03-27
16,16,0,2005-03-28
15,15,0,2005-03-29
11,6,5,2005-03-30
24,24,0,2005-03-31
26,26,0,2005-04-01
32,13,19,2005-04-02
45,13,32,2005-04-03
53,13,40,2005-04-04
56,13,43,2005-04-05
46,0,46,2005-04-06
45,0,45,2005-04-07
43,0,43,2005-04-08
43,0,43,2005-04-09
43,0,43,2005-04-10
21,0,21,2005-04-11
34,16,18,2005-04-12
46,30,16,2005-04-13
56,32,24,2005-04-14
57,30,27,2005-04-15
45,19,26,2005-04-16
42,18,24,2005-04-17
42,18,24,2005-04-18
42,16,26,2005-04-19
38,14,24,2005-04-20
26,15,11,2005-04-21
26,13,13,2005-04-22
22,11,11,2005-04-23
14,8,6,2005-04-24
16,0,16,2005-04-25
18,0,18,2005-04-26
27,0,27,2005-04-27
48,0,48,2005-04-28
56,0,56,2005-04-29
54,0,54,2005-04-30
61,0,61,2005-05-01
61,0,61,2005-05-02
68,0,68,2005-05-03
62,0,62,2005-05-04
58,0,58,2005-05-05
65,0,65,2005-05-06
54,0,54,2005-05-07
67,16,51,2005-05-08
91,29,62,2005-05-09
111,33,78,2005-05-10
119,23,96,2005-05-11
116,23,93,2005-05-12
90,26,64,2005-05-13
74,26,48,2005-05-14
56,17,39,2005-05-15
62,17,45,2005-05-16
48,16,32,2005-05-17
38,13,25,2005-05-18
33,33,0,2005-05-19
22,22,0,2005-05-20
19,19,0,2005-05-21
35,23,12,2005-05-22
36,19,17,2005-05-23
36,16,20,2005-05-24
43,17,26,2005-05-25
64,19,45,2005-05-26
64,15,49,2005-05-27
54,9,45,2005-05-28
62,14,48,2005-05-29
67,20,47,2005-05-30
84,32,52,2005-05-31
76,23,53,2005-06-01
58,0,58,2005-06-02
48,0,48,2005-06-03
71,25,46,2005-06-04
89,26,63,2005-06-05
92,32,60,2005-06-06
105,27,78,2005-06-07
98,30,68,2005-06-08
97,33,64,2005-06-09
101,35,66,2005-06-10
79,30,49,2005-06-11
75,26,49,2005-06-12
45,19,26,2005-06-13
48,16,32,2005-06-14
58,23,35,2005-06-15
62,20,42,2005-06-16
69,0,69,2005-06-17
46,0,46,2005-06-18
42,0,42,2005-06-19
45,0,45,2005-06-20
49,0,49,2005-06-21
39,0,39,2005-06-22
16,0,16,2005-06-23
16,9,7,2005-06-24
17,9,8,2005-06-25
0,0,0,2005-06-26
12,6,6,2005-06-27
13,13,0,2005-06-28
40,26,14,2005-06-29
97,30,67,2005-06-30
122,41,81,2005-07-01
148,47,101,2005-07-02
157,54,103,2005-07-03
167,64,103,2005-07-04
160,76,84,2005-07-05
131,76,55,2005-07-06
117,69,48,2005-07-07
100,58,42,2005-07-08
89,56,33,2005-07-09
65,53,12,2005-07-10
64,52,12,2005-07-11
59,42,17,2005-07-12
64,37,27,2005-07-13
47,22,25,2005-07-14
33,13,20,2005-07-15
17,0,17,2005-07-16
12,6,6,2005-07-17
0,0,0,2005-07-18
14,8,6,2005-07-19
0,0,0,2005-07-20
0,0,0,2005-07-21
12,6,6,2005-07-22
25,25,0,2005-07-23
17,17,0,2005-07-24
19,19,0,2005-07-25
23,23,0,2005-07-26
17,17,0,2005-07-27
28,28,0,2005-07-28
53,53,0,2005-07-29
67,67,0,2005-07-30
107,82,25,2005-07-31
105,90,15,2005-08-01
115,95,20,2005-08-02
80,58,22,2005-08-03
66,40,26,2005-08-04
66,36,30,2005-08-05
55,33,22,2005-08-06
65,33,32,2005-08-07
61,30,31,2005-08-08
57,29,28,2005-08-09
27,14,13,2005-08-10
37,13,24,2005-08-11
45,15,30,2005-08-12
37,0,37,2005-08-13
43,0,43,2005-08-14
45,0,45,2005-08-15
40,0,40,2005-08-16
33,0,33,2005-08-17
32,0,32,2005-08-18
73,25,48,2005-08-19
80,30,50,2005-08-20
65,30,35,2005-08-21
63,32,31,2005-08-22
60,40,20,2005-08-23
70,43,27,2005-08-24
68,68,0,2005-08-25
61,61,0,2005-08-26
70,70,0,2005-08-27
76,63,13,2005-08-28
71,45,26,2005-08-29
61,31,30,2005-08-30
48,0,48,2005-08-31
29,0,29,2005-09-01
24,0,24,2005-09-02
15,0,15,2005-09-03
15,0,15,2005-09-04
14,0,14,2005-09-05
14,0,14,2005-09-06
24,12,12,2005-09-07
34,14,20,2005-09-08
48,12,36,2005-09-09
59,13,46,2005-09-10
58,12,46,2005-09-11
63,0,63,2005-09-12
85,12,73,2005-09-13
70,0,70,2005-09-14
66,0,66,2005-09-15
56,0,56,2005-09-16
59,13,46,2005-09-17
56,20,36,2005-09-18
44,22,22,2005-09-19
24,24,0,2005-09-20
22,22,0,2005-09-21
24,24,0,2005-09-22
32,32,0,2005-09-23
29,15,14,2005-09-24
27,14,13,2005-09-25
37,25,12,2005-09-26
27,14,13,2005-09-27
25,13,12,2005-09-28
24,12,12,2005-09-29
12,0,12,2005-09-30
14,14,0,2005-10-01
12,0,12,2005-10-02
15,0,15,2005-10-03
21,0,21,2005-10-04
26,0,26,2005-10-05
23,0,23,2005-10-06
21,0,21,2005-10-07
18,0,18,2005-10-08
15,0,15,2005-10-09
24,0,24,2005-10-10
21,0,21,2005-10-11
21,0,21,2005-10-12
0,0,0,2005-10-13
12,12,0,2005-10-14
12,12,0,2005-10-15
12,12,0,2005-10-16
12,12,0,2005-10-17
12,12,0,2005-10-18
24,14,10,2005-10-19
14,14,0,2005-10-20
12,12,0,2005-10-21
11,6,5,2005-10-22
12,12,0,2005-10-23
0,0,0,2005-10-24
0,0,0,2005-10-25
0,0,0,2005-10-26
0,0,0,2005-10-27
0,0,0,2005-10-28
12,6,6,2005-10-29
14,0,14,2005-10-30
18,0,18,2005-10-31
28,0,28,2005-11-01
29,0,29,2005-11-02
17,0,17,2005-11-03
18,0,18,2005-11-04
18,0,18,2005-11-05
21,0,21,2005-11-06
38,0,38,2005-11-07
12,0,12,2005-11-08
12,0,12,2005-11-09
0,0,0,2005-11-10
0,0,0,2005-11-11
15,8,7,2005-11-12
18,0,18,2005-11-13
29,0,29,2005-11-14
31,0,31,2005-11-15
35,0,35,2005-11-16
37,0,37,2005-11-17
40,0,40,2005-11-18
40,0,40,2005-11-19
51,0,51,2005-11-20
41,0,41,2005-11-21
41,0,41,2005-11-22
37,0,37,2005-11-23
41,0,41,2005-11-24
31,0,31,2005-11-25
23,0,23,2005-11-26
25,0,25,2005-11-27
26,0,26,2005-11-28
25,0,25,2005-11-29
46,0,46,2005-11-30
71,14,57,2005-12-01
78,14,64,2005-12-02
87,30,57,2005-12-03
79,24,55,2005-12-04
79,11,68,2005-12-05
65,14,51,2005-12-06
33,10,23,2005-12-07
36,12,24,2005-12-08
33,11,22,2005-12-09
56,27,29,2005-12-10
55,30,25,2005-12-11
48,33,15,2005-12-12
55,30,25,2005-12-13
55,22,33,2005-12-14
52,17,35,2005-12-15
45,15,30,2005-12-16
40,13,27,2005-12-17
40,13,27,2005-12-18
62,16,46,2005-12-19
56,20,36,2005-12-20
61,23,38,2005-12-21
59,33,26,2005-12-22
52,36,16,2005-12-23
76,44,32,2005-12-24
62,35,27,2005-12-25
75,52,23,2005-12-26
74,46,28,2005-12-27
63,40,23,2005-12-28
65,40,25,2005-12-29
66,39,27,2005-12-30
59,35,24,2005-12-31
34,24,10,2006-01-01
33,23,10,2006-01-02
26,26,0,2006-01-03
23,23,0,2006-01-04
20,20,0,2006-01-05
20,20,0,2006-01-06
11,11,0,2006-01-07
10,10,0,2006-01-08
11,11,0,2006-01-09
11,11,0,2006-01-10
11,11,0,2006-01-11
11,11,0,2006-01-12
0,0,0,2006-01-13
11,6,5,2006-01-14
27,14,13,2006-01-15
33,17,16,2006-01-16
30,15,15,2006-01-17
35,12,23,2006-01-18
33,0,33,2006-01-19
22,0,22,2006-01-20
26,0,26,2006-01-21
42,0,42,2006-01-22
50,12,38,2006-01-23
41,0,41,2006-01-24
26,0,26,2006-01-25
19,0,19,2006-01-26
12,0,12,2006-01-27
10,6,4,2006-01-28
10,0,10,2006-01-29
0,0,0,2006-01-30
0,0,0,2006-01-31
0,0,0,2006-02-01
0,0,0,2006-02-02
0,0,0,2006-02-03
0,0,0,2006-02-04
0,0,0,2006-02-05
0,0,0,2006-02-06
8,5,3,2006-02-07
8,0,8,2006-02-08
17,0,17,2006-02-09
12,6,6,2006-02-10
9,5,4,2006-02-11
0,0,0,2006-02-12
11,0,11,2006-02-13
13,7,6,2006-02-14
18,0,18,2006-02-15
18,0,18,2006-02-16
8,0,8,2006-02-17
8,5,3,2006-02-18
14,7,7,2006-02-19
0,0,0,2006-02-20
0,0,0,2006-02-21
0,0,0,2006-02-22
0,0,0,2006-02-23
0,0,0,2006-02-24
0,0,0,2006-02-25
0,0,0,2006-02-26
8,0,8,2006-02-27
8,0,8,2006-02-28
0,0,0,2006-03-01
0,0,0,2006-03-02
0,0,0,2006-03-03
15,8,7,2006-03-04
26,13,13,2006-03-05
23,12,11,2006-03-06
0,0,0,2006-03-07
0,0,0,2006-03-08
0,0,0,2006-03-09
0,0,0,2006-03-10
0,0,0,2006-03-11
15,15,0,2006-03-12
16,16,0,2006-03-13
23,0,23,2006-03-14
23,0,23,2006-03-15
21,0,21,2006-03-16
31,0,31,2006-03-17
26,0,26,2006-03-18
26,0,26,2006-03-19
31,0,31,2006-03-20
31,0,31,2006-03-21
31,0,31,2006-03-22
29,0,29,2006-03-23
34,11,23,2006-03-24
18,10,8,2006-03-25
0,0,0,2006-03-26
0,0,0,2006-03-27
15,0,15,2006-03-28
31,0,31,2006-03-29
32,0,32,2006-03-30
39,0,39,2006-03-31
58,0,58,2006-04-01
65,0,65,2006-04-02
73,0,73,2006-04-03
82,0,82,2006-04-04
83,0,83,2006-04-05
90,0,90,2006-04-06
77,0,77,2006-04-07
68,0,68,2006-04-08
55,0,55,2006-04-09
60,0,60,2006-04-10
63,0,63,2006-04-11
68,0,68,2006-04-12
67,0,67,2006-04-13
60,0,60,2006-04-14
38,0,38,2006-04-15
25,0,25,2006-04-16
13,0,13,2006-04-17
12,0,12,2006-04-18
23,0,23,2006-04-19
17,0,17,2006-04-20
15,0,15,2006-04-21
18,10,8,2006-04-22
13,0,13,2006-04-23
18,0,18,2006-04-24
47,0,47,2006-04-25
58,0,58,2006-04-26
65,0,65,2006-04-27
62,0,62,2006-04-28
53,0,53,2006-04-29
62,0,62,2006-04-30
55,13,42,2006-05-01
58,28,30,2006-05-02
57,30,27,2006-05-03
60,28,32,2006-05-04
53,28,25,2006-05-05
45,13,32,2006-05-06
53,0,53,2006-05-07
52,0,52,2006-05-08
47,0,47,2006-05-09
32,0,32,2006-05-10
27,0,27,2006-05-11
12,0,12,2006-05-12
12,0,12,2006-05-13
0,0,0,2006-05-14
0,0,0,2006-05-15
0,0,0,2006-05-16
0,0,0,2006-05-17
13,7,6,2006-05-18
13,0,13,2006-05-19
32,0,32,2006-05-20
33,0,33,2006-05-21
47,12,35,2006-05-22
50,15,35,2006-05-23
43,17,26,2006-05-24
42,20,22,2006-05-25
47,18,29,2006-05-26
53,28,25,2006-05-27
62,13,49,2006-05-28
58,12,46,2006-05-29
53,12,41,2006-05-30
45,12,33,2006-05-31
14,7,7,2006-06-01
0,0,0,2006-06-02
0,0,0,2006-06-03
19,0,19,2006-06-04
26,0,26,2006-06-05
32,0,32,2006-06-06
58,0,58,2006-06-07
58,0,58,2006-06-08
47,0,47,2006-06-09
49,0,49,2006-06-10
37,0,37,2006-06-11
30,0,30,2006-06-12
28,0,28,2006-06-13
14,0,14,2006-06-14
14,0,14,2006-06-15
21,0,21,2006-06-16
23,0,23,2006-06-17
18,0,18,2006-06-18
21,0,21,2006-06-19
21,0,21,2006-06-20
18,0,18,2006-06-21
0,0,0,2006-06-22
0,0,0,2006-06-23
0,0,0,2006-06-24
14,14,0,2006-06-25
18,18,0,2006-06-26
23,23,0,2006-06-27
42,28,14,2006-06-28
46,28,18,2006-06-29
44,23,21,2006-06-30
38,18,20,2006-07-01
31,13,18,2006-07-02
35,15,20,2006-07-03
36,13,23,2006-07-04
35,0,35,2006-07-05
36,0,36,2006-07-06
36,0,36,2006-07-07
35,0,35,2006-07-08
31,0,31,2006-07-09
15,0,15,2006-07-10
15,0,15,2006-07-11
13,0,13,2006-07-12
0,0,0,2006-07-13
15,0,15,2006-07-14
16,0,16,2006-07-15
20,0,20,2006-07-16
22,0,22,2006-07-17
22,0,22,2006-07-18
24,0,24,2006-07-19
15,0,15,2006-07-20
0,0,0,2006-07-21
15,15,0,2006-07-22
18,18,0,2006-07-23
20,20,0,2006-07-24
18,18,0,2006-07-25
18,18,0,2006-07-26
18,18,0,2006-07-27
16,16,0,2006-07-28
16,16,0,2006-07-29
31,16,15,2006-07-30
27,14,13,2006-07-31
11,0,11,2006-08-01
11,0,11,2006-08-02
15,0,15,2006-08-03
0,0,0,2006-08-04
0,0,0,2006-08-05
0,0,0,2006-08-06
0,0,0,2006-08-07
11,0,11,2006-08-08
26,0,26,2006-08-09
27,0,27,2006-08-10
26,0,26,2006-08-11
24,0,24,2006-08-12
26,0,26,2006-08-13
31,0,31,2006-08-14
31,0,31,2006-08-15
31,0,31,2006-08-16
27,0,27,2006-08-17
31,0,31,2006-08-18
24,0,24,2006-08-19
16,0,16,2006-08-20
26,0,26,2006-08-21
15,0,15,2006-08-22
19,0,19,2006-08-23
19,0,19,2006-08-24
24,0,24,2006-08-25
23,0,23,2006-08-26
34,0,34,2006-08-27
35,0,35,2006-08-28
27,0,27,2006-08-29
19,0,19,2006-08-30
35,0,35,2006-08-31
35,0,35,2006-09-01
16,0,16,2006-09-02
0,0,0,2006-09-03
0,0,0,2006-09-04
26,0,26,2006-09-05
39,0,39,2006-09-06
48,0,48,2006-09-07
48,0,48,2006-09-08
49,0,49,2006-09-09
49,0,49,2006-09-10
44,0,44,2006-09-11
31,0,31,2006-09-12
30,0,30,2006-09-13
15,0,15,2006-09-14
15,0,15,2006-09-15
13,0,13,2006-09-16
25,0,25,2006-09-17
12,0,12,2006-09-18
13,0,13,2006-09-19
13,0,13,2006-09-20
13,0,13,2006-09-21
18,0,18,2006-09-22
13,0,13,2006-09-23
15,0,15,2006-09-24
13,0,13,2006-09-25
16,8,8,2006-09-26
12,7,5,2006-09-27
13,0,13,2006-09-28
36,0,36,2006-09-29
41,0,41,2006-09-30
35,0,35,2006-10-01
33,0,33,2006-10-02
23,0,23,2006-10-03
23,0,23,2006-10-04
24,0,24,2006-10-05
23,0,23,2006-10-06
23,0,23,2006-10-07
21,0,21,2006-10-08
21,0,21,2006-10-09
14,0,14,2006-10-10
0,0,0,2006-10-11
0,0,0,2006-10-12
0,0,0,2006-10-13
0,0,0,2006-10-14
0,0,0,2006-10-15
0,0,0,2006-10-16
0,0,0,2006-10-17
0,0,0,2006-10-18
14,0,14,2006-10-19
14,0,14,2006-10-20
16,0,16,2006-10-21
23,0,23,2006-10-22
38,0,38,2006-10-23
30,0,30,2006-10-24
14,0,14,2006-10-25
0,0,0,2006-10-26
13,0,13,2006-10-27
13,0,13,2006-10-28
0,0,0,2006-10-29
13,0,13,2006-10-30
33,0,33,2006-10-31
53,0,53,2006-11-01
70,0,70,2006-11-02
73,0,73,2006-11-03
65,0,65,2006-11-04
53,0,53,2006-11-05
40,0,40,2006-11-06
32,0,32,2006-11-07
43,0,43,2006-11-08
30,0,30,2006-11-09
15,0,15,2006-11-10
18,0,18,2006-11-11
22,0,22,2006-11-12
35,0,35,2006-11-13
47,0,47,2006-11-14
45,0,45,2006-11-15
52,0,52,2006-11-16
47,0,47,2006-11-17
47,0,47,2006-11-18
45,0,45,2006-11-19
30,0,30,2006-11-20
0,0,0,2006-11-21
0,0,0,2006-11-22
12,0,12,2006-11-23
0,0,0,2006-11-24
13,0,13,2006-11-25
15,0,15,2006-11-26
33,15,18,2006-11-27
38,20,18,2006-11-28
40,22,18,2006-11-29
58,22,36,2006-11-30
56,20,36,2006-12-01
53,15,38,2006-12-02
46,13,33,2006-12-03
39,15,24,2006-12-04
46,13,33,2006-12-05
54,13,41,2006-12-06
51,13,38,2006-12-07
28,10,18,2006-12-08
21,0,21,2006-12-09
23,0,23,2006-12-10
28,0,28,2006-12-11
28,0,28,2006-12-12
26,0,26,2006-12-13
23,0,23,2006-12-14
21,0,21,2006-12-15
20,0,20,2006-12-16
15,0,15,2006-12-17
0,0,0,2006-12-18
0,0,0,2006-12-19
0,0,0,2006-12-20
0,0,0,2006-12-21
0,0,0,2006-12-22
0,0,0,2006-12-23
13,0,13,2006-12-24
16,0,16,2006-12-25
21,0,21,2006-12-26
20,0,20,2006-12-27
0,0,0,2006-12-28
0,0,0,2006-12-29
16,0,16,2006-12-30
28,13,15,2006-12-31
38,10,28,2007-01-01
42,12,30,2007-01-02
44,14,30,2007-01-03
44,14,30,2007-01-04
49,14,35,2007-01-05
47,21,26,2007-01-06
42,19,23,2007-01-07
52,10,42,2007-01-08
47,0,47,2007-01-09
42,0,42,2007-01-10
40,0,40,2007-01-11
28,0,28,2007-01-12
30,16,14,2007-01-13
19,19,0,2007-01-14
19,19,0,2007-01-15
19,19,0,2007-01-16
16,16,0,2007-01-17
17,17,0,2007-01-18
24,24,0,2007-01-19
19,9,10,2007-01-20
19,0,19,2007-01-21
21,0,21,2007-01-22
17,0,17,2007-01-23
19,0,19,2007-01-24
14,0,14,2007-01-25
12,0,12,2007-01-26
12,0,12,2007-01-27
14,0,14,2007-01-28
31,0,31,2007-01-29
35,0,35,2007-01-30
35,0,35,2007-01-31
38,0,38,2007-02-01
41,0,41,2007-02-02
36,0,36,2007-02-03
29,0,29,2007-02-04
27,0,27,2007-02-05
26,0,26,2007-02-06
26,0,26,2007-02-07
14,0,14,2007-02-08
12,0,12,2007-02-09
12,0,12,2007-02-10
0,0,0,2007-02-11
0,0,0,2007-02-12
0,0,0,2007-02-13
0,0,0,2007-02-14
0,0,0,2007-02-15
0,0,0,2007-02-16
14,0,14,2007-02-17
14,0,14,2007-02-18
34,0,34,2007-02-19
29,0,29,2007-02-20
17,0,17,2007-02-21
27,0,27,2007-02-22
26,0,26,2007-02-23
14,0,14,2007-02-24
14,0,14,2007-02-25
26,0,26,2007-02-26
26,0,26,2007-02-27
14,0,14,2007-02-28
11,0,11,2007-03-01
11,0,11,2007-03-02
11,0,11,2007-03-03
13,0,13,2007-03-04
27,0,27,2007-03-05
22,0,22,2007-03-06
0,0,0,2007-03-07
0,0,0,2007-03-08
0,0,0,2007-03-09
0,0,0,2007-03-10
14,14,0,2007-03-11
13,13,0,2007-03-12
0,0,0,2007-03-13
0,0,0,2007-03-14
0,0,0,2007-03-15
0,0,0,2007-03-16
0,0,0,2007-03-17
0,0,0,2007-03-18
0,0,0,2007-03-19
0,0,0,2007-03-20
0,0,0,2007-03-21
0,0,0,2007-03-22
13,0,13,2007-03-23
13,0,13,2007-03-24
0,0,0,2007-03-25
14,0,14,2007-03-26
13,0,13,2007-03-27
13,7,6,2007-03-28
13,13,0,2007-03-29
11,11,0,2007-03-30
11,11,0,2007-03-31
16,16,0,2007-04-01
0,0,0,2007-04-02
0,0,0,2007-04-03
0,0,0,2007-04-04
0,0,0,2007-04-05
0,0,0,2007-04-06
0,0,0,2007-04-07
0,0,0,2007-04-08
0,0,0,2007-04-09
0,0,0,2007-04-10
0,0,0,2007-04-11
0,0,0,2007-04-12
0,0,0,2007-04-13
0,0,0,2007-04-14
0,0,0,2007-04-15
0,0,0,2007-04-16
11,0,11,2007-04-17
0,0,0,2007-04-18
0,0,0,2007-04-19
0,0,0,2007-04-20
0,0,0,2007-04-21
0,0,0,2007-04-22
0,0,0,2007-04-23
0,0,0,2007-04-24
13,0,13,2007-04-25
16,0,16,2007-04-26
18,0,18,2007-04-27
23,0,23,2007-04-28
32,0,32,2007-04-29
34,0,34,2007-04-30
33,0,33,2007-05-01
33,0,33,2007-05-02
20,0,20,2007-05-03
18,0,18,2007-05-04
17,0,17,2007-05-05
15,0,15,2007-05-06
13,0,13,2007-05-07
15,0,15,2007-05-08
18,0,18,2007-05-09
20,0,20,2007-05-10
23,0,23,2007-05-11
22,0,22,2007-05-12
18,0,18,2007-05-13
30,13,17,2007-05-14
30,17,13,2007-05-15
32,32,0,2007-05-16
40,40,0,2007-05-17
42,42,0,2007-05-18
37,37,0,2007-05-19
23,23,0,2007-05-20
18,18,0,2007-05-21
15,15,0,2007-05-22
23,12,11,2007-05-23
15,8,7,2007-05-24
0,0,0,2007-05-25
0,0,0,2007-05-26
0,0,0,2007-05-27
0,0,0,2007-05-28
12,0,12,2007-05-29
12,0,12,2007-05-30
12,0,12,2007-05-31
34,0,34,2007-06-01
44,0,44,2007-06-02
55,0,55,2007-06-03
60,0,60,2007-06-04
62,0,62,2007-06-05
58,0,58,2007-06-06
66,0,66,2007-06-07
60,0,60,2007-06-08
21,0,21,2007-06-09
16,0,16,2007-06-10
16,0,16,2007-06-11
14,0,14,2007-06-12
14,0,14,2007-06-13
0,0,0,2007-06-14
0,0,0,2007-06-15
0,0,0,2007-06-16
0,0,0,2007-06-17
0,0,0,2007-06-18
0,0,0,2007-06-19
0,0,0,2007-06-20
0,0,0,2007-06-21
0,0,0,2007-06-22
0,0,0,2007-06-23
0,0,0,2007-06-24
12,0,12,2007-06-25
14,0,14,2007-06-26
14,0,14,2007-06-27
16,0,16,2007-06-28
32,0,32,2007-06-29
32,0,32,2007-06-30
30,0,30,2007-07-01
17,0,17,2007-07-02
14,0,14,2007-07-03
14,0,14,2007-07-04
14,0,14,2007-07-05
14,0,14,2007-07-06
12,0,12,2007-07-07
16,0,16,2007-07-08
22,0,22,2007-07-09
27,0,27,2007-07-10
27,0,27,2007-07-11
23,0,23,2007-07-12
41,0,41,2007-07-13
42,0,42,2007-07-14
39,0,39,2007-07-15
31,0,31,2007-07-16
17,0,17,2007-07-17
14,0,14,2007-07-18
12,0,12,2007-07-19
0,0,0,2007-07-20
0,0,0,2007-07-21
0,0,0,2007-07-22
0,0,0,2007-07-23
0,0,0,2007-07-24
0,0,0,2007-07-25
0,0,0,2007-07-26
0,0,0,2007-07-27
14,0,14,2007-07-28
14,0,14,2007-07-29
14,0,14,2007-07-30
0,0,0,2007-07-31
0,0,0,2007-08-01
0,0,0,2007-08-02
11,0,11,2007-08-03
11,0,11,2007-08-04
11,0,11,2007-08-05
13,0,13,2007-08-06
13,0,13,2007-08-07
15,0,15,2007-08-08
15,0,15,2007-08-09
15,0,15,2007-08-10
13,0,13,2007-08-11
13,7,6,2007-08-12
13,7,6,2007-08-13
0,0,0,2007-08-14
0,0,0,2007-08-15
0,0,0,2007-08-16
0,0,0,2007-08-17
0,0,0,2007-08-18
0,0,0,2007-08-19
0,0,0,2007-08-20
15,0,15,2007-08-21
13,0,13,2007-08-22
13,0,13,2007-08-23
13,0,13,2007-08-24
13,0,13,2007-08-25
13,0,13,2007-08-26
13,0,13,2007-08-27
13,0,13,2007-08-28
13,0,13,2007-08-29
13,0,13,2007-08-30
28,0,28,2007-08-31
24,0,24,2007-09-01
13,0,13,2007-09-02
13,0,13,2007-09-03
13,0,13,2007-09-04
13,0,13,2007-09-05
0,0,0,2007-09-06
0,0,0,2007-09-07
0,0,0,2007-09-08
0,0,0,2007-09-09
0,0,0,2007-09-10
0,0,0,2007-09-11
0,0,0,2007-09-12
0,0,0,2007-09-13
0,0,0,2007-09-14
0,0,0,2007-09-15
0,0,0,2007-09-16
0,0,0,2007-09-17
0,0,0,2007-09-18
0,0,0,2007-09-19
0,0,0,2007-09-20
0,0,0,2007-09-21
0,0,0,2007-09-22
0,0,0,2007-09-23
0,0,0,2007-09-24
0,0,0,2007-09-25
0,0,0,2007-09-26
0,0,0,2007-09-27
15,8,7,2007-09-28
15,8,7,2007-09-29
15,8,7,2007-09-30
0,0,0,2007-10-01
0,0,0,2007-10-02
0,0,0,2007-10-03
0,0,0,2007-10-04
0,0,0,2007-10-05
19,0,19,2007-10-06
16,0,16,2007-10-07
12,0,12,2007-10-08
0,0,0,2007-10-09
0,0,0,2007-10-10
0,0,0,2007-10-11
0,0,0,2007-10-12
0,0,0,2007-10-13
0,0,0,2007-10-14
0,0,0,2007-10-15
0,0,0,2007-10-16
0,0,0,2007-10-17
0,0,0,2007-10-18
0,0,0,2007-10-19
0,0,0,2007-10-20
0,0,0,2007-10-21
0,0,0,2007-10-22
0,0,0,2007-10-23
0,0,0,2007-10-24
0,0,0,2007-10-25
0,0,0,2007-10-26
0,0,0,2007-10-27
0,0,0,2007-10-28
0,0,0,2007-10-29
0,0,0,2007-10-30
0,0,0,2007-10-31
0,0,0,2007-11-01
0,0,0,2007-11-02
0,0,0,2007-11-03
0,0,0,2007-11-04
0,0,0,2007-11-05
13,0,13,2007-11-06
0,0,0,2007-11-07
0,0,0,2007-11-08
0,0,0,2007-11-09
0,0,0,2007-11-10
0,0,0,2007-11-11
0,0,0,2007-11-12
0,0,0,2007-11-13
0,0,0,2007-11-14
0,0,0,2007-11-15
16,16,0,2007-11-16
15,15,0,2007-11-17
0,0,0,2007-11-18
0,0,0,2007-11-19
0,0,0,2007-11-20
0,0,0,2007-11-21
0,0,0,2007-11-22
0,0,0,2007-11-23
16,16,0,2007-11-24
13,13,0,2007-11-25
12,12,0,2007-11-26
0,0,0,2007-11-27
0,0,0,2007-11-28
0,0,0,2007-11-29
0,0,0,2007-11-30
17,0,17,2007-12-01
15,0,15,2007-12-02
12,0,12,2007-12-03
15,0,15,2007-12-04
14,0,14,2007-12-05
27,0,27,2007-12-06
26,0,26,2007-12-07
43,0,43,2007-12-08
45,0,45,2007-12-09
41,0,41,2007-12-10
41,0,41,2007-12-11
48,0,48,2007-12-12
51,0,51,2007-12-13
41,0,41,2007-12-14
38,0,38,2007-12-15
31,0,31,2007-12-16
19,0,19,2007-12-17
12,0,12,2007-12-18
0,0,0,2007-12-19
0,0,0,2007-12-20
0,0,0,2007-12-21
0,0,0,2007-12-22
0,0,0,2007-12-23
0,0,0,2007-12-24
0,0,0,2007-12-25
0,0,0,2007-12-26
0,0,0,2007-12-27
0,0,0,2007-12-28
0,0,0,2007-12-29
0,0,0,2007-12-30
0,0,0,2007-12-31
9,0,9,2008-01-01
9,0,9,2008-01-02
9,0,9,2008-01-03
12,0,12,2008-01-04
10,10,0,2008-01-05
14,8,6,2008-01-06
14,0,14,2008-01-07
11,0,11,2008-01-08
0,0,0,2008-01-09
10,0,10,2008-01-10
10,0,10,2008-01-11
0,0,0,2008-01-12
0,0,0,2008-01-13
0,0,0,2008-01-14
0,0,0,2008-01-15
0,0,0,2008-01-16
0,0,0,2008-01-17
0,0,0,2008-01-18
0,0,0,2008-01-19
0,0,0,2008-01-20
0,0,0,2008-01-21
0,0,0,2008-01-22
0,0,0,2008-01-23
0,0,0,2008-01-24
0,0,0,2008-01-25
0,0,0,2008-01-26
0,0,0,2008-01-27
0,0,0,2008-01-28
0,0,0,2008-01-29
10,0,10,2008-01-30
10,0,10,2008-01-31
15,0,15,2008-02-01
12,0,12,2008-02-02
12,0,12,2008-02-03
11,0,11,2008-02-04
0,0,0,2008-02-05
0,0,0,2008-02-06
0,0,0,2008-02-07
0,0,0,2008-02-08
0,0,0,2008-02-09
0,0,0,2008-02-10
0,0,0,2008-02-11
0,0,0,2008-02-12
0,0,0,2008-02-13
0,0,0,2008-02-14
0,0,0,2008-02-15
0,0,0,2008-02-16
0,0,0,2008-02-17
0,0,0,2008-02-18
0,0,0,2008-02-19
0,0,0,2008-02-20
0,0,0,2008-02-21
0,0,0,2008-02-22
0,0,0,2008-02-23
0,0,0,2008-02-24
11,0,11,2008-02-25
11,0,11,2008-02-26
11,0,11,2008-02-27
0,0,0,2008-02-28
0,0,0,2008-02-29
0,0,0,2008-03-01
0,0,0,2008-03-02
12,0,12,2008-03-03
0,0,0,2008-03-04
0,0,0,2008-03-05
13,0,13,2008-03-06
0,0,0,2008-03-07
0,0,0,2008-03-08
0,0,0,2008-03-09
15,0,15,2008-03-10
0,0,0,2008-03-11
0,0,0,2008-03-12
0,0,0,2008-03-13
0,0,0,2008-03-14
12,0,12,2008-03-15
12,0,12,2008-03-16
12,0,12,2008-03-17
0,0,0,2008-03-18
0,0,0,2008-03-19
0,0,0,2008-03-20
0,0,0,2008-03-21
0,0,0,2008-03-22
0,0,0,2008-03-23
32,0,32,2008-03-24
54,0,54,2008-03-25
60,0,60,2008-03-26
59,0,59,2008-03-27
57,0,57,2008-03-28
50,0,50,2008-03-29
52,0,52,2008-03-30
42,0,42,2008-03-31
20,0,20,2008-04-01
11,0,11,2008-04-02
11,0,11,2008-04-03
9,0,9,2008-04-04
0,0,0,2008-04-05
0,0,0,2008-04-06
0,0,0,2008-04-07
0,0,0,2008-04-08
0,0,0,2008-04-09
0,0,0,2008-04-10
0,0,0,2008-04-11
0,0,0,2008-04-12
9,9,0,2008-04-13
9,9,0,2008-04-14
0,0,0,2008-04-15
0,0,0,2008-04-16
0,0,0,2008-04-17
0,0,0,2008-04-18
10,0,10,2008-04-19
0,0,0,2008-04-20
0,0,0,2008-04-21
10,10,0,2008-04-22
10,10,0,2008-04-23
9,9,0,2008-04-24
0,0,0,2008-04-25
0,0,0,2008-04-26
0,0,0,2008-04-27
0,0,0,2008-04-28
0,0,0,2008-04-29
0,0,0,2008-04-30
10,10,0,2008-05-01
0,0,0,2008-05-02
0,0,0,2008-05-03
10,0,10,2008-05-04
12,0,12,2008-05-05
0,0,0,2008-05-06
0,0,0,2008-05-07
0,0,0,2008-05-08
0,0,0,2008-05-09
0,0,0,2008-05-10
0,0,0,2008-05-11
0,0,0,2008-05-12
12,12,0,2008-05-13
0,0,0,2008-05-14
13,7,6,2008-05-15
20,10,10,2008-05-16
17,17,0,2008-05-17
22,0,22,2008-05-18
16,0,16,2008-05-19
10,0,10,2008-05-20
0,0,0,2008-05-21
0,0,0,2008-05-22
0,0,0,2008-05-23
0,0,0,2008-05-24
0,0,0,2008-05-25
0,0,0,2008-05-26
0,0,0,2008-05-27
0,0,0,2008-05-28
0,0,0,2008-05-29
0,0,0,2008-05-30
0,0,0,2008-05-31
0,0,0,2008-06-01
0,0,0,2008-06-02
0,0,0,2008-06-03
0,0,0,2008-06-04
14,0,14,2008-06-05
0,0,0,2008-06-06
0,0,0,2008-06-07
0,0,0,2008-06-08
0,0,0,2008-06-09
14,0,14,2008-06-10
12,0,12,2008-06-11
11,0,11,2008-06-12
12,0,12,2008-06-13
0,0,0,2008-06-14
11,0,11,2008-06-15
11,0,11,2008-06-16
11,0,11,2008-06-17
12,0,12,2008-06-18
11,0,11,2008-06-19
12,0,12,2008-06-20
12,0,12,2008-06-21
12,0,12,2008-06-22
0,0,0,2008-06-23
0,0,0,2008-06-24
0,0,0,2008-06-25
0,0,0,2008-06-26
0,0,0,2008-06-27
0,0,0,2008-06-28
0,0,0,2008-06-29
0,0,0,2008-06-30
0,0,0,2008-07-01
0,0,0,2008-07-02
0,0,0,2008-07-03
0,0,0,2008-07-04
0,0,0,2008-07-05
0,0,0,2008-07-06
0,0,0,2008-07-07
0,0,0,2008-07-08
0,0,0,2008-07-09
0,0,0,2008-07-10
0,0,0,2008-07-11
0,0,0,2008-07-12
0,0,0,2008-07-13
0,0,0,2008-07-14
0,0,0,2008-07-15
0,0,0,2008-07-16
0,0,0,2008-07-17
6,0,6,2008-07-18
7,0,7,2008-07-19
6,0,6,2008-07-20
0,0,0,2008-07-21
0,0,0,2008-07-22
0,0,0,2008-07-23
0,0,0,2008-07-24
0,0,0,2008-07-25
0,0,0,2008-07-26
0,0,0,2008-07-27
0,0,0,2008-07-28
0,0,0,2008-07-29
0,0,0,2008-07-30
0,0,0,2008-07-31
0,0,0,2008-08-01
0,0,0,2008-08-02
0,0,0,2008-08-03
0,0,0,2008-08-04
0,0,0,2008-08-05
0,0,0,2008-08-06
0,0,0,2008-08-07
0,0,0,2008-08-08
0,0,0,2008-08-09
0,0,0,2008-08-10
0,0,0,2008-08-11
0,0,0,2008-08-12
0,0,0,2008-08-13
0,0,0,2008-08-14
0,0,0,2008-08-15
0,0,0,2008-08-16
0,0,0,2008-08-17
0,0,0,2008-08-18
0,0,0,2008-08-19
0,0,0,2008-08-20
5,5,0,2008-08-21
5,5,0,2008-08-22
0,0,0,2008-08-23
0,0,0,2008-08-24
0,0,0,2008-08-25
0,0,0,2008-08-26
0,0,0,2008-08-27
0,0,0,2008-08-28
0,0,0,2008-08-29
0,0,0,2008-08-30
0,0,0,2008-08-31
0,0,0,2008-09-01
0,0,0,2008-09-02
0,0,0,2008-09-03
0,0,0,2008-09-04
0,0,0,2008-09-05
0,0,0,2008-09-06
0,0,0,2008-09-07
0,0,0,2008-09-08
0,0,0,2008-09-09
0,0,0,2008-09-10
7,7,0,2008-09-11
0,0,0,2008-09-12
0,0,0,2008-09-13
0,0,0,2008-09-14
0,0,0,2008-09-15
0,0,0,2008-09-16
0,0,0,2008-09-17
0,0,0,2008-09-18
0,0,0,2008-09-19
0,0,0,2008-09-20
0,0,0,2008-09-21
9,9,0,2008-09-22
10,10,0,2008-09-23
0,0,0,2008-09-24
0,0,0,2008-09-25
0,0,0,2008-09-26
0,0,0,2008-09-27
0,0,0,2008-09-28
9,0,9,2008-09-29
0,0,0,2008-09-30
0,0,0,2008-10-01
0,0,0,2008-10-02
0,0,0,2008-10-03
10,0,10,2008-10-04
0,0,0,2008-10-05
0,0,0,2008-10-06
0,0,0,2008-10-07
0,0,0,2008-10-08
0,0,0,2008-10-09
10,0,10,2008-10-10
13,13,0,2008-10-11
16,16,0,2008-10-12
13,13,0,2008-10-13
13,13,0,2008-10-14
12,12,0,2008-10-15
17,11,6,2008-10-16
12,0,12,2008-10-17
0,0,0,2008-10-18
0,0,0,2008-10-19
0,0,0,2008-10-20
0,0,0,2008-10-21
0,0,0,2008-10-22
0,0,0,2008-10-23
0,0,0,2008-10-24
0,0,0,2008-10-25
0,0,0,2008-10-26
0,0,0,2008-10-27
0,0,0,2008-10-28
0,0,0,2008-10-29
0,0,0,2008-10-30
13,13,0,2008-10-31
15,15,0,2008-11-01
18,18,0,2008-11-02
18,18,0,2008-11-03
16,16,0,2008-11-04
13,13,0,2008-11-05
11,11,0,2008-11-06
0,0,0,2008-11-07
0,0,0,2008-11-08
0,0,0,2008-11-09
0,0,0,2008-11-10
20,20,0,2008-11-11
23,23,0,2008-11-12
15,15,0,2008-11-13
13,13,0,2008-11-14
13,13,0,2008-11-15
13,13,0,2008-11-16
11,11,0,2008-11-17
0,0,0,2008-11-18
0,0,0,2008-11-19
0,0,0,2008-11-20
0,0,0,2008-11-21
0,0,0,2008-11-22
0,0,0,2008-11-23
0,0,0,2008-11-24
0,0,0,2008-11-25
0,0,0,2008-11-26
0,0,0,2008-11-27
0,0,0,2008-11-28
0,0,0,2008-11-29
0,0,0,2008-11-30
0,0,0,2008-12-01
0,0,0,2008-12-02
0,0,0,2008-12-03
0,0,0,2008-12-04
0,0,0,2008-12-05
0,0,0,2008-12-06
0,0,0,2008-12-07
0,0,0,2008-12-08
0,0,0,2008-12-09
11,0,11,2008-12-10
10,0,10,2008-12-11
11,0,11,2008-12-12
0,0,0,2008-12-13
0,0,0,2008-12-14
0,0,0,2008-12-15
0,0,0,2008-12-16
0,0,0,2008-12-17
0,0,0,2008-12-18
0,0,0,2008-12-19
0,0,0,2008-12-20
0,0,0,2008-12-21
0,0,0,2008-12-22
0,0,0,2008-12-23
0,0,0,2008-12-24
0,0,0,2008-12-25
0,0,0,2008-12-26
0,0,0,2008-12-27
0,0,0,2008-12-28
0,0,0,2008-12-29
0,0,0,2008-12-30
0,0,0,2008-12-31
0,0,0,2009-01-01
0,0,0,2009-01-02
0,0,0,2009-01-03
0,0,0,2009-01-04
0,0,0,2009-01-05
0,0,0,2009-01-06
0,0,0,2009-01-07
0,0,0,2009-01-08
7,7,0,2009-01-09
9,9,0,2009-01-10
10,10,0,2009-01-11
8,8,0,2009-01-12
0,0,0,2009-01-13
0,0,0,2009-01-14
0,0,0,2009-01-15
0,0,0,2009-01-16
0,0,0,2009-01-17
0,0,0,2009-01-18
7,0,7,2009-01-19
0,0,0,2009-01-20
0,0,0,2009-01-21
0,0,0,2009-01-22
0,0,0,2009-01-23
0,0,0,2009-01-24
0,0,0,2009-01-25
0,0,0,2009-01-26
0,0,0,2009-01-27
0,0,0,2009-01-28
0,0,0,2009-01-29
0,0,0,2009-01-30
0,0,0,2009-01-31
0,0,0,2009-02-01
0,0,0,2009-02-02
0,0,0,2009-02-03
0,0,0,2009-02-04
0,0,0,2009-02-05
0,0,0,2009-02-06
0,0,0,2009-02-07
0,0,0,2009-02-08
0,0,0,2009-02-09
0,0,0,2009-02-10
7,0,7,2009-02-11
6,0,6,2009-02-12
6,0,6,2009-02-13
0,0,0,2009-02-14
0,0,0,2009-02-15
0,0,0,2009-02-16
0,0,0,2009-02-17
0,0,0,2009-02-18
0,0,0,2009-02-19
0,0,0,2009-02-20
0,0,0,2009-02-21
0,0,0,2009-02-22
0,0,0,2009-02-23
7,7,0,2009-02-24
7,7,0,2009-02-25
0,0,0,2009-02-26
0,0,0,2009-02-27
0,0,0,2009-02-28
0,0,0,2009-03-01
0,0,0,2009-03-02
0,0,0,2009-03-03
0,0,0,2009-03-04
0,0,0,2009-03-05
7,0,7,2009-03-06
7,0,7,2009-03-07
0,0,0,2009-03-08
0,0,0,2009-03-09
0,0,0,2009-03-10
0,0,0,2009-03-11
0,0,0,2009-03-12
0,0,0,2009-03-13
0,0,0,2009-03-14
0,0,0,2009-03-15
0,0,0,2009-03-16
0,0,0,2009-03-17
0,0,0,2009-03-18
0,0,0,2009-03-19
0,0,0,2009-03-20
0,0,0,2009-03-21
0,0,0,2009-03-22
0,0,0,2009-03-23
0,0,0,2009-03-24
0,0,0,2009-03-25
6,6,0,2009-03-26
0,0,0,2009-03-27
0,0,0,2009-03-28
0,0,0,2009-03-29
0,0,0,2009-03-30
0,0,0,2009-03-31
0,0,0,2009-04-01
0,0,0,2009-04-02
0,0,0,2009-04-03
0,0,0,2009-04-04
0,0,0,2009-04-05
0,0,0,2009-04-06
0,0,0,2009-04-07
0,0,0,2009-04-08
0,0,0,2009-04-09
0,0,0,2009-04-10
0,0,0,2009-04-11
0,0,0,2009-04-12
0,0,0,2009-04-13
0,0,0,2009-04-14
0,0,0,2009-04-15
0,0,0,2009-04-16
0,0,0,2009-04-17
0,0,0,2009-04-18
0,0,0,2009-04-19
0,0,0,2009-04-20
11,11,0,2009-04-21
0,0,0,2009-04-22
0,0,0,2009-04-23
0,0,0,2009-04-24
0,0,0,2009-04-25
0,0,0,2009-04-26
0,0,0,2009-04-27
0,0,0,2009-04-28
13,0,13,2009-04-29
13,0,13,2009-04-30
0,0,0,2009-05-01
0,0,0,2009-05-02
0,0,0,2009-05-03
7,0,7,2009-05-04
0,0,0,2009-05-05
0,0,0,2009-05-06
0,0,0,2009-05-07
0,0,0,2009-05-08
0,0,0,2009-05-09
0,0,0,2009-05-10
0,0,0,2009-05-11
0,0,0,2009-05-12
7,7,0,2009-05-13
10,10,0,2009-05-14
9,9,0,2009-05-15
8,8,0,2009-05-16
9,9,0,2009-05-17
8,8,0,2009-05-18
7,7,0,2009-05-19
0,0,0,2009-05-20
0,0,0,2009-05-21
8,0,8,2009-05-22
8,0,8,2009-05-23
0,0,0,2009-05-24
0,0,0,2009-05-25
0,0,0,2009-05-26
0,0,0,2009-05-27
0,0,0,2009-05-28
0,0,0,2009-05-29
0,0,0,2009-05-30
10,10,0,2009-05-31
24,24,0,2009-06-01
26,26,0,2009-06-02
24,24,0,2009-06-03
19,19,0,2009-06-04
17,17,0,2009-06-05
0,0,0,2009-06-06
0,0,0,2009-06-07
0,0,0,2009-06-08
0,0,0,2009-06-09
0,0,0,2009-06-10
0,0,0,2009-06-11
0,0,0,2009-06-12
0,0,0,2009-06-13
0,0,0,2009-06-14
0,0,0,2009-06-15
0,0,0,2009-06-16
15,0,15,2009-06-17
0,0,0,2009-06-18
0,0,0,2009-06-19
0,0,0,2009-06-20
15,0,15,2009-06-21
17,0,17,2009-06-22
15,0,15,2009-06-23
17,0,17,2009-06-24
0,0,0,2009-06-25
0,0,0,2009-06-26
0,0,0,2009-06-27
0,0,0,2009-06-28
0,0,0,2009-06-29
0,0,0,2009-06-30
0,0,0,2009-07-01
0,0,0,2009-07-02
0,0,0,2009-07-03
24,0,24,2009-07-04
27,0,27,2009-07-05
24,0,24,2009-07-06
19,0,19,2009-07-07
21,0,21,2009-07-08
17,0,17,2009-07-09
15,0,15,2009-07-10
0,0,0,2009-07-11
0,0,0,2009-07-12
0,0,0,2009-07-13
0,0,0,2009-07-14
0,0,0,2009-07-15
0,0,0,2009-07-16
0,0,0,2009-07-17
0,0,0,2009-07-18
0,0,0,2009-07-19
0,0,0,2009-07-20
0,0,0,2009-07-21
0,0,0,2009-07-22
12,0,12,2009-07-23
0,0,0,2009-07-24
0,0,0,2009-07-25
0,0,0,2009-07-26
0,0,0,2009-07-27
0,0,0,2009-07-28
0,0,0,2009-07-29
12,12,0,2009-07-30
0,0,0,2009-07-31
0,0,0,2009-08-01
0,0,0,2009-08-02
0,0,0,2009-08-03
0,0,0,2009-08-04
0,0,0,2009-08-05
0,0,0,2009-08-06
0,0,0,2009-08-07
0,0,0,2009-08-08
0,0,0,2009-08-09
0,0,0,2009-08-10
0,0,0,2009-08-11
0,0,0,2009-08-12
0,0,0,2009-08-13
0,0,0,2009-08-14
0,0,0,2009-08-15
0,0,0,2009-08-16
0,0,0,2009-08-17
0,0,0,2009-08-18
0,0,0,2009-08-19
0,0,0,2009-08-20
0,0,0,2009-08-21
0,0,0,2009-08-22
0,0,0,2009-08-23
0,0,0,2009-08-24
0,0,0,2009-08-25
0,0,0,2009-08-26
0,0,0,2009-08-27
0,0,0,2009-08-28
0,0,0,2009-08-29
0,0,0,2009-08-30
0,0,0,2009-08-31
13,13,0,2009-09-01
0,0,0,2009-09-02
0,0,0,2009-09-03
0,0,0,2009-09-04
0,0,0,2009-09-05
0,0,0,2009-09-06
0,0,0,2009-09-07
0,0,0,2009-09-08
0,0,0,2009-09-09
0,0,0,2009-09-10
0,0,0,2009-09-11
0,0,0,2009-09-12
0,0,0,2009-09-13
0,0,0,2009-09-14
0,0,0,2009-09-15
0,0,0,2009-09-16
0,0,0,2009-09-17
0,0,0,2009-09-18
0,0,0,2009-09-19
0,0,0,2009-09-20
13,0,13,2009-09-21
22,7,15,2009-09-22
33,20,13,2009-09-23
33,20,13,2009-09-24
28,15,13,2009-09-25
15,15,0,2009-09-26
12,12,0,2009-09-27
17,17,0,2009-09-28
15,15,0,2009-09-29
12,12,0,2009-09-30
11,11,0,2009-10-01
0,0,0,2009-10-02
0,0,0,2009-10-03
0,0,0,2009-10-04
0,0,0,2009-10-05
0,0,0,2009-10-06
0,0,0,2009-10-07
0,0,0,2009-10-08
0,0,0,2009-10-09
0,0,0,2009-10-10
13,13,0,2009-10-11
0,0,0,2009-10-12
0,0,0,2009-10-13
0,0,0,2009-10-14
0,0,0,2009-10-15
0,0,0,2009-10-16
0,0,0,2009-10-17
0,0,0,2009-10-18
0,0,0,2009-10-19
0,0,0,2009-10-20
0,0,0,2009-10-21
0,0,0,2009-10-22
18,18,0,2009-10-23
26,26,0,2009-10-24
30,30,0,2009-10-25
32,32,0,2009-10-26
32,32,0,2009-10-27
32,32,0,2009-10-28
26,26,0,2009-10-29
18,18,0,2009-10-30
0,0,0,2009-10-31
0,0,0,2009-11-01
0,0,0,2009-11-02
0,0,0,2009-11-03
0,0,0,2009-11-04
12,12,0,2009-11-05
13,13,0,2009-11-06
0,0,0,2009-11-07
0,0,0,2009-11-08
13,13,0,2009-11-09
12,12,0,2009-11-10
12,12,0,2009-11-11
0,0,0,2009-11-12
12,0,12,2009-11-13
13,10,3,2009-11-14
12,12,0,2009-11-15
13,13,0,2009-11-16
0,0,0,2009-11-17
12,12,0,2009-11-18
29,29,0,2009-11-19
25,25,0,2009-11-20
15,15,0,2009-11-21
13,13,0,2009-11-22
0,0,0,2009-11-23
0,0,0,2009-11-24
0,0,0,2009-11-25
0,0,0,2009-11-26
0,0,0,2009-11-27
0,0,0,2009-11-28
0,0,0,2009-11-29
0,0,0,2009-11-30
0,0,0,2009-12-01
0,0,0,2009-12-02
0,0,0,2009-12-03
0,0,0,2009-12-04
0,0,0,2009-12-05
0,0,0,2009-12-06
0,0,0,2009-12-07
0,0,0,2009-12-08
11,11,0,2009-12-09
12,12,0,2009-12-10
12,12,0,2009-12-11
12,12,0,2009-12-12
14,14,0,2009-12-13
30,30,0,2009-12-14
36,36,0,2009-12-15
33,33,0,2009-12-16
26,26,0,2009-12-17
23,23,0,2009-12-18
24,24,0,2009-12-19
44,29,15,2009-12-20
46,26,20,2009-12-21
33,17,16,2009-12-22
26,12,14,2009-12-23
20,11,9,2009-12-24
0,0,0,2009-12-25
14,2,12,2009-12-26
15,0,15,2009-12-27
18,0,18,2009-12-28
18,0,18,2009-12-29
18,0,18,2009-12-30
21,0,21,2009-12-31
18,0,18,2010-01-01
21,0,21,2010-01-02
16,0,16,2010-01-03
15,0,15,2010-01-04
10,0,10,2010-01-05
0,0,0,2010-01-06
0,0,0,2010-01-07
15,15,0,2010-01-08
15,15,0,2010-01-09
22,22,0,2010-01-10
37,37,0,2010-01-11
35,35,0,2010-01-12
31,31,0,2010-01-13
26,26,0,2010-01-14
26,26,0,2010-01-15
23,23,0,2010-01-16
18,18,0,2010-01-17
13,13,0,2010-01-18
0,0,0,2010-01-19
13,0,13,2010-01-20
18,0,18,2010-01-21
31,13,18,2010-01-22
38,18,20,2010-01-23
38,18,20,2010-01-24
34,13,21,2010-01-25
25,10,15,2010-01-26
13,0,13,2010-01-27
12,0,12,2010-01-28
12,0,12,2010-01-29
12,6,6,2010-01-30
16,16,0,2010-01-31
17,17,0,2010-02-01
14,14,0,2010-02-02
14,14,0,2010-02-03
12,12,0,2010-02-04
12,12,0,2010-02-05
36,36,0,2010-02-06
38,38,0,2010-02-07
59,48,11,2010-02-08
56,44,12,2010-02-09
50,50,0,2010-02-10
44,44,0,2010-02-11
41,41,0,2010-02-12
43,43,0,2010-02-13
33,33,0,2010-02-14
30,30,0,2010-02-15
30,30,0,2010-02-16
43,25,18,2010-02-17
23,0,23,2010-02-18
20,0,20,2010-02-19
20,0,20,2010-02-20
17,0,17,2010-02-21
17,0,17,2010-02-22
15,0,15,2010-02-23
30,12,18,2010-02-24
29,14,15,2010-02-25
27,14,13,2010-02-26
14,14,0,2010-02-27
14,14,0,2010-02-28
23,12,11,2010-03-01
37,12,25,2010-03-02
36,13,23,2010-03-03
39,12,27,2010-03-04
28,14,14,2010-03-05
0,0,0,2010-03-06
12,12,0,2010-03-07
17,17,0,2010-03-08
0,0,0,2010-03-09
0,0,0,2010-03-10
34,20,14,2010-03-11
36,23,13,2010-03-12
31,31,0,2010-03-13
33,33,0,2010-03-14
27,27,0,2010-03-15
23,23,0,2010-03-16
28,28,0,2010-03-17
30,30,0,2010-03-18
22,22,0,2010-03-19
14,14,0,2010-03-20
22,22,0,2010-03-21
17,17,0,2010-03-22
14,14,0,2010-03-23
17,17,0,2010-03-24
23,23,0,2010-03-25
22,22,0,2010-03-26
34,23,11,2010-03-27
31,20,11,2010-03-28
33,22,11,2010-03-29
33,20,13,2010-03-30
27,14,13,2010-03-31
22,12,10,2010-04-01
22,12,10,2010-04-02
24,12,12,2010-04-03
33,22,11,2010-04-04
34,24,10,2010-04-05
25,25,0,2010-04-06
21,21,0,2010-04-07
29,29,0,2010-04-08
9,9,0,2010-04-09
10,10,0,2010-04-10
10,0,10,2010-04-11
10,0,10,2010-04-12
9,0,9,2010-04-13
0,0,0,2010-04-14
0,0,0,2010-04-15
0,0,0,2010-04-16
0,0,0,2010-04-17
0,0,0,2010-04-18
0,0,0,2010-04-19
0,0,0,2010-04-20
9,9,0,2010-04-21
9,9,0,2010-04-22
0,0,0,2010-04-23
0,0,0,2010-04-24
16,16,0,2010-04-25
0,0,0,2010-04-26
0,0,0,2010-04-27
10,10,0,2010-04-28
0,0,0,2010-04-29
9,9,0,2010-04-30
13,13,0,2010-05-01
21,21,0,2010-05-02
40,26,14,2010-05-03
51,26,25,2010-05-04
47,47,0,2010-05-05
19,19,0,2010-05-06
16,16,0,2010-05-07
16,16,0,2010-05-08
0,0,0,2010-05-09
0,0,0,2010-05-10
0,0,0,2010-05-11
0,0,0,2010-05-12
0,0,0,2010-05-13
0,0,0,2010-05-14
0,0,0,2010-05-15
0,0,0,2010-05-16
0,0,0,2010-05-17
0,0,0,2010-05-18
0,0,0,2010-05-19
0,0,0,2010-05-20
14,0,14,2010-05-21
21,0,21,2010-05-22
22,0,22,2010-05-23
19,0,19,2010-05-24
24,0,24,2010-05-25
16,0,16,2010-05-26
13,0,13,2010-05-27
13,0,13,2010-05-28
19,10,9,2010-05-29
29,16,13,2010-05-30
18,10,8,2010-05-31
15,0,15,2010-06-01
18,0,18,2010-06-02
21,0,21,2010-06-03
28,0,28,2010-06-04
26,11,15,2010-06-05
12,0,12,2010-06-06
18,10,8,2010-06-07
14,0,14,2010-06-08
29,0,29,2010-06-09
39,0,39,2010-06-10
46,20,26,2010-06-11
46,21,25,2010-06-12
25,25,0,2010-06-13
14,14,0,2010-06-14
0,0,0,2010-06-15
0,0,0,2010-06-16
12,12,0,2010-06-17
12,12,0,2010-06-18
26,26,0,2010-06-19
18,18,0,2010-06-20
14,14,0,2010-06-21
15,15,0,2010-06-22
14,14,0,2010-06-23
12,12,0,2010-06-24
17,9,8,2010-06-25
18,0,18,2010-06-26
11,0,11,2010-06-27
11,0,11,2010-06-28
22,0,22,2010-06-29
11,0,11,2010-06-30
13,0,13,2010-07-01
13,0,13,2010-07-02
13,0,13,2010-07-03
14,0,14,2010-07-04
27,14,13,2010-07-05
25,13,12,2010-07-06
13,0,13,2010-07-07
13,0,13,2010-07-08
17,17,0,2010-07-09
22,22,0,2010-07-10
36,36,0,2010-07-11
34,23,11,2010-07-12
30,19,11,2010-07-13
17,17,0,2010-07-14
25,25,0,2010-07-15
16,16,0,2010-07-16
14,14,0,2010-07-17
14,14,0,2010-07-18
14,14,0,2010-07-19
30,13,17,2010-07-20
31,0,31,2010-07-21
36,0,36,2010-07-22
44,0,44,2010-07-23
47,13,34,2010-07-24
39,12,27,2010-07-25
33,0,33,2010-07-26
19,0,19,2010-07-27
34,12,22,2010-07-28
38,13,25,2010-07-29
31,16,15,2010-07-30
30,16,14,2010-07-31
24,24,0,2010-08-01
24,24,0,2010-08-02
14,14,0,2010-08-03
32,32,0,2010-08-04
51,41,10,2010-08-05
51,39,12,2010-08-06
48,29,19,2010-08-07
38,26,12,2010-08-08
55,43,12,2010-08-09
58,47,11,2010-08-10
67,56,11,2010-08-11
50,50,0,2010-08-12
41,41,0,2010-08-13
33,33,0,2010-08-14
38,38,0,2010-08-15
51,42,9,2010-08-16
26,15,11,2010-08-17
23,12,11,2010-08-18
15,0,15,2010-08-19
12,0,12,2010-08-20
0,0,0,2010-08-21
0,0,0,2010-08-22
0,0,0,2010-08-23
12,12,0,2010-08-24
23,12,11,2010-08-25
23,12,11,2010-08-26
12,12,0,2010-08-27
12,12,0,2010-08-28
27,27,0,2010-08-29
29,29,0,2010-08-30
30,30,0,2010-08-31
30,30,0,2010-09-01
58,58,0,2010-09-02
49,49,0,2010-09-03
58,58,0,2010-09-04
43,43,0,2010-09-05
29,29,0,2010-09-06
14,14,0,2010-09-07
0,0,0,2010-09-08
0,0,0,2010-09-09
16,9,7,2010-09-10
12,0,12,2010-09-11
13,0,13,2010-09-12
26,0,26,2010-09-13
27,0,27,2010-09-14
27,0,27,2010-09-15
43,0,43,2010-09-16
53,0,53,2010-09-17
51,0,51,2010-09-18
49,0,49,2010-09-19
39,0,39,2010-09-20
38,0,38,2010-09-21
36,16,20,2010-09-22
39,25,14,2010-09-23
39,26,13,2010-09-24
39,26,13,2010-09-25
49,37,12,2010-09-26
56,45,11,2010-09-27
55,43,12,2010-09-28
55,55,0,2010-09-29
48,48,0,2010-09-30
36,36,0,2010-10-01
27,27,0,2010-10-02
29,29,0,2010-10-03
21,21,0,2010-10-04
13,13,0,2010-10-05
0,0,0,2010-10-06
0,0,0,2010-10-07
0,0,0,2010-10-08
13,0,13,2010-10-09
13,0,13,2010-10-10
13,0,13,2010-10-11
13,0,13,2010-10-12
23,12,11,2010-10-13
37,13,24,2010-10-14
41,11,30,2010-10-15
49,13,36,2010-10-16
57,23,34,2010-10-17
60,26,34,2010-10-18
63,36,27,2010-10-19
51,31,20,2010-10-20
36,24,12,2010-10-21
36,24,12,2010-10-22
44,33,11,2010-10-23
60,47,13,2010-10-24
67,56,11,2010-10-25
63,53,10,2010-10-26
41,31,10,2010-10-27
31,31,0,2010-10-28
39,39,0,2010-10-29
33,33,0,2010-10-30
34,34,0,2010-10-31
21,21,0,2010-11-01
18,18,0,2010-11-02
18,18,0,2010-11-03
14,14,0,2010-11-04
27,16,11,2010-11-05
35,13,22,2010-11-06
37,14,23,2010-11-07
37,16,21,2010-11-08
30,13,17,2010-11-09
48,16,32,2010-11-10
51,26,25,2010-11-11
48,27,21,2010-11-12
69,37,32,2010-11-13
61,34,27,2010-11-14
61,39,22,2010-11-15
59,38,21,2010-11-16
56,35,21,2010-11-17
46,30,16,2010-11-18
42,26,16,2010-11-19
32,14,18,2010-11-20
27,13,14,2010-11-21
24,13,11,2010-11-22
26,26,0,2010-11-23
13,13,0,2010-11-24
24,13,11,2010-11-25
14,14,0,2010-11-26
13,7,6,2010-11-27
27,17,10,2010-11-28
29,29,0,2010-11-29
24,24,0,2010-11-30
32,32,0,2010-12-01
36,36,0,2010-12-02
41,41,0,2010-12-03
53,53,0,2010-12-04
44,44,0,2010-12-05
29,29,0,2010-12-06
31,31,0,2010-12-07
31,31,0,2010-12-08
29,29,0,2010-12-09
36,36,0,2010-12-10
27,27,0,2010-12-11
27,27,0,2010-12-12
47,47,0,2010-12-13
27,27,0,2010-12-14
14,14,0,2010-12-15
24,24,0,2010-12-16
12,12,0,2010-12-17
0,0,0,2010-12-18
0,0,0,2010-12-19
0,0,0,2010-12-20
0,0,0,2010-12-21
17,0,17,2010-12-22
17,0,17,2010-12-23
14,0,14,2010-12-24
25,13,12,2010-12-25
34,20,14,2010-12-26
17,17,0,2010-12-27
22,22,0,2010-12-28
19,19,0,2010-12-29
14,14,0,2010-12-30
42,42,0,2010-12-31
48,31,17,2011-01-01
48,28,20,2011-01-02
47,28,19,2011-01-03
48,25,23,2011-01-04
36,14,22,2011-01-05
28,10,18,2011-01-06
35,12,23,2011-01-07
25,12,13,2011-01-08
32,22,10,2011-01-09
26,26,0,2011-01-10
25,25,0,2011-01-11
22,22,0,2011-01-12
13,13,0,2011-01-13
0,0,0,2011-01-14
12,12,0,2011-01-15
20,20,0,2011-01-16
28,16,12,2011-01-17
32,19,13,2011-01-18
26,14,12,2011-01-19
29,17,12,2011-01-20
33,33,0,2011-01-21
32,32,0,2011-01-22
33,33,0,2011-01-23
29,29,0,2011-01-24
28,28,0,2011-01-25
25,25,0,2011-01-26
20,20,0,2011-01-27
13,0,13,2011-01-28
15,0,15,2011-01-29
19,0,19,2011-01-30
20,0,20,2011-01-31
24,0,24,2011-02-01
21,0,21,2011-02-02
29,0,29,2011-02-03
36,11,25,2011-02-04
26,13,13,2011-02-05
18,18,0,2011-02-06
15,15,0,2011-02-07
64,51,13,2011-02-08
51,33,18,2011-02-09
34,15,19,2011-02-10
57,24,33,2011-02-11
60,28,32,2011-02-12
78,33,45,2011-02-13
87,44,43,2011-02-14
83,46,37,2011-02-15
78,42,36,2011-02-16
65,29,36,2011-02-17
85,54,31,2011-02-18
82,57,25,2011-02-19
69,54,15,2011-02-20
47,47,0,2011-02-21
38,38,0,2011-02-22
31,31,0,2011-02-23
24,24,0,2011-02-24
13,13,0,2011-02-25
42,29,13,2011-02-26
44,33,11,2011-02-27
51,39,12,2011-02-28
62,45,17,2011-03-01
56,38,18,2011-03-02
73,60,13,2011-03-03
99,83,16,2011-03-04
116,89,27,2011-03-05
130,96,34,2011-03-06
138,107,31,2011-03-07
141,111,30,2011-03-08
113,97,16,2011-03-09
83,83,0,2011-03-10
83,83,0,2011-03-11
83,83,0,2011-03-12
93,93,0,2011-03-13
61,61,0,2011-03-14
48,48,0,2011-03-15
38,21,17,2011-03-16
38,20,18,2011-03-17
28,0,28,2011-03-18
32,32,0,2011-03-19
30,30,0,2011-03-20
24,24,0,2011-03-21
45,31,14,2011-03-22
42,24,18,2011-03-23
55,25,30,2011-03-24
97,41,56,2011-03-25
101,34,67,2011-03-26
118,51,67,2011-03-27
124,51,73,2011-03-28
104,51,53,2011-03-29
96,44,52,2011-03-30
87,44,43,2011-03-31
67,52,15,2011-04-01
63,41,22,2011-04-02
60,60,0,2011-04-03
67,67,0,2011-04-04
56,56,0,2011-04-05
57,57,0,2011-04-06
81,70,11,2011-04-07
84,57,27,2011-04-08
78,63,15,2011-04-09
56,45,11,2011-04-10
67,56,11,2011-04-11
92,92,0,2011-04-12
111,111,0,2011-04-13
123,113,10,2011-04-14
127,116,11,2011-04-15
92,92,0,2011-04-16
71,71,0,2011-04-17
71,71,0,2011-04-18
71,58,13,2011-04-19
73,53,20,2011-04-20
80,36,44,2011-04-21
87,28,59,2011-04-22
78,24,54,2011-04-23
64,19,45,2011-04-24
56,15,41,2011-04-25
74,29,45,2011-04-26
73,39,34,2011-04-27
62,35,27,2011-04-28
62,35,27,2011-04-29
80,51,29,2011-04-30
70,53,17,2011-05-01
55,44,11,2011-05-02
71,57,14,2011-05-03
76,63,13,2011-05-04
76,76,0,2011-05-05
45,45,0,2011-05-06
43,43,0,2011-05-07
63,63,0,2011-05-08
84,73,11,2011-05-09
90,90,0,2011-05-10
66,66,0,2011-05-11
46,46,0,2011-05-12
36,36,0,2011-05-13
52,27,25,2011-05-14
57,32,25,2011-05-15
57,17,40,2011-05-16
50,13,37,2011-05-17
41,0,41,2011-05-18
36,0,36,2011-05-19
35,0,35,2011-05-20
36,0,36,2011-05-21
56,27,29,2011-05-22
31,13,18,2011-05-23
11,0,11,2011-05-24
24,13,11,2011-05-25
42,13,29,2011-05-26
63,32,31,2011-05-27
73,34,39,2011-05-28
98,55,43,2011-05-29
115,70,45,2011-05-30
106,60,46,2011-05-31
126,79,47,2011-06-01
135,91,44,2011-06-02
130,85,45,2011-06-03
115,70,45,2011-06-04
80,38,42,2011-06-05
70,33,37,2011-06-06
58,34,24,2011-06-07
45,26,19,2011-06-08
39,17,22,2011-06-09
33,14,19,2011-06-10
23,0,23,2011-06-11
17,0,17,2011-06-12
15,0,15,2011-06-13
36,15,21,2011-06-14
52,24,28,2011-06-15
59,29,30,2011-06-16
59,32,27,2011-06-17
61,34,27,2011-06-18
47,23,24,2011-06-19
39,39,0,2011-06-20
50,39,11,2011-06-21
50,35,15,2011-06-22
58,40,18,2011-06-23
65,45,20,2011-06-24
50,38,12,2011-06-25
27,27,0,2011-06-26
15,15,0,2011-06-27
38,26,12,2011-06-28
41,41,0,2011-06-29
49,49,0,2011-06-30
56,56,0,2011-07-01
44,44,0,2011-07-02
41,41,0,2011-07-03
46,46,0,2011-07-04
32,32,0,2011-07-05
34,34,0,2011-07-06
38,38,0,2011-07-07
63,47,16,2011-07-08
49,28,21,2011-07-09
59,13,46,2011-07-10
75,25,50,2011-07-11
72,24,48,2011-07-12
68,34,34,2011-07-13
68,35,33,2011-07-14
82,54,28,2011-07-15
74,41,33,2011-07-16
93,58,35,2011-07-17
115,78,37,2011-07-18
109,69,40,2011-07-19
71,41,30,2011-07-20
60,34,26,2011-07-21
54,32,22,2011-07-22
43,27,16,2011-07-23
43,31,12,2011-07-24
29,29,0,2011-07-25
43,43,0,2011-07-26
63,63,0,2011-07-27
96,96,0,2011-07-28
90,90,0,2011-07-29
91,91,0,2011-07-30
99,99,0,2011-07-31
107,107,0,2011-08-01
95,95,0,2011-08-02
81,81,0,2011-08-03
92,92,0,2011-08-04
88,74,14,2011-08-05
79,65,14,2011-08-06
79,62,17,2011-08-07
70,60,10,2011-08-08
61,52,9,2011-08-09
36,36,0,2011-08-10
38,24,14,2011-08-11
29,17,12,2011-08-12
18,9,9,2011-08-13
0,0,0,2011-08-14
12,12,0,2011-08-15
31,22,9,2011-08-16
51,29,22,2011-08-17
59,34,25,2011-08-18
60,39,21,2011-08-19
59,46,13,2011-08-20
73,57,16,2011-08-21
92,75,17,2011-08-22
98,82,16,2011-08-23
70,60,10,2011-08-24
65,57,8,2011-08-25
86,86,0,2011-08-26
77,77,0,2011-08-27
64,54,10,2011-08-28
56,44,12,2011-08-29
90,67,23,2011-08-30
125,95,30,2011-08-31
131,91,40,2011-09-01
136,111,25,2011-09-02
140,109,31,2011-09-03
105,74,31,2011-09-04
114,82,32,2011-09-05
89,58,31,2011-09-06
72,47,25,2011-09-07
54,42,12,2011-09-08
72,43,29,2011-09-09
80,51,29,2011-09-10
94,57,37,2011-09-11
139,82,57,2011-09-12
145,83,62,2011-09-13
169,98,71,2011-09-14
191,137,54,2011-09-15
191,132,59,2011-09-16
160,112,48,2011-09-17
143,121,22,2011-09-18
142,120,22,2011-09-19
123,105,18,2011-09-20
108,94,14,2011-09-21
109,86,23,2011-09-22
91,91,0,2011-09-23
116,105,11,2011-09-24
122,107,15,2011-09-25
112,112,0,2011-09-26
103,103,0,2011-09-27
109,109,0,2011-09-28
128,128,0,2011-09-29
116,116,0,2011-09-30
118,104,14,2011-10-01
118,107,11,2011-10-02
113,92,21,2011-10-03
128,95,33,2011-10-04
100,59,41,2011-10-05
100,53,47,2011-10-06
89,49,40,2011-10-07
69,29,40,2011-10-08
79,43,36,2011-10-09
90,56,34,2011-10-10
124,64,60,2011-10-11
146,84,62,2011-10-12
161,97,64,2011-10-13
170,109,61,2011-10-14
148,91,57,2011-10-15
154,86,68,2011-10-16
176,106,70,2011-10-17
156,104,52,2011-10-18
141,87,54,2011-10-19
183,119,64,2011-10-20
194,128,66,2011-10-21
174,124,50,2011-10-22
134,110,24,2011-10-23
130,113,17,2011-10-24
110,96,14,2011-10-25
104,91,13,2011-10-26
93,82,11,2011-10-27
101,101,0,2011-10-28
94,94,0,2011-10-29
103,103,0,2011-10-30
96,96,0,2011-10-31
125,106,19,2011-11-01
128,102,26,2011-11-02
125,96,29,2011-11-03
99,75,24,2011-11-04
114,79,35,2011-11-05
145,99,46,2011-11-06
173,124,49,2011-11-07
171,114,57,2011-11-08
177,109,68,2011-11-09
170,99,71,2011-11-10
162,85,77,2011-11-11
157,73,84,2011-11-12
162,86,76,2011-11-13
164,109,55,2011-11-14
141,106,35,2011-11-15
125,80,45,2011-11-16
121,76,45,2011-11-17
132,62,70,2011-11-18
128,55,73,2011-11-19
137,71,66,2011-11-20
127,74,53,2011-11-21
138,89,49,2011-11-22
142,106,36,2011-11-23
131,102,29,2011-11-24
158,132,26,2011-11-25
131,111,20,2011-11-26
124,112,12,2011-11-27
98,98,0,2011-11-28
135,112,23,2011-11-29
132,106,26,2011-11-30
129,93,36,2011-12-01
127,87,40,2011-12-02
154,106,48,2011-12-03
162,104,58,2011-12-04
151,78,73,2011-12-05
151,78,73,2011-12-06
132,75,57,2011-12-07
159,89,70,2011-12-08
114,68,46,2011-12-09
102,57,45,2011-12-10
93,51,42,2011-12-11
76,48,28,2011-12-12
81,50,31,2011-12-13
78,56,22,2011-12-14
57,35,22,2011-12-15
75,36,39,2011-12-16
90,42,48,2011-12-17
100,39,61,2011-12-18
115,42,73,2011-12-19
108,45,63,2011-12-20
109,55,54,2011-12-21
103,51,52,2011-12-22
103,45,58,2011-12-23
84,35,49,2011-12-24
97,31,66,2011-12-25
117,36,81,2011-12-26
114,26,88,2011-12-27
109,28,81,2011-12-28
112,27,85,2011-12-29
93,27,66,2011-12-30
93,27,66,2011-12-31
71,0,71,2012-01-01
92,23,69,2012-01-02
120,50,70,2012-01-03
126,68,58,2012-01-04
109,73,36,2012-01-05
113,87,26,2012-01-06
113,81,32,2012-01-07
104,80,24,2012-01-08
79,68,11,2012-01-09
70,70,0,2012-01-10
63,63,0,2012-01-11
52,52,0,2012-01-12
71,56,15,2012-01-13
118,78,40,2012-01-14
149,100,49,2012-01-15
154,115,39,2012-01-16
141,94,47,2012-01-17
126,86,40,2012-01-18
105,81,24,2012-01-19
102,102,0,2012-01-20
112,112,0,2012-01-21
109,109,0,2012-01-22
113,113,0,2012-01-23
86,86,0,2012-01-24
76,76,0,2012-01-25
49,49,0,2012-01-26
65,42,23,2012-01-27
45,32,13,2012-01-28
57,29,28,2012-01-29
62,47,15,2012-01-30
75,57,18,2012-01-31
89,58,31,2012-02-01
59,43,16,2012-02-02
35,35,0,2012-02-03
38,38,0,2012-02-04
29,29,0,2012-02-05
42,42,0,2012-02-06
32,32,0,2012-02-07
13,13,0,2012-02-08
29,12,17,2012-02-09
46,20,26,2012-02-10
46,13,33,2012-02-11
49,13,36,2012-02-12
65,26,39,2012-02-13
58,25,33,2012-02-14
54,28,26,2012-02-15
48,25,23,2012-02-16
49,26,23,2012-02-17
55,38,17,2012-02-18
70,51,19,2012-02-19
64,64,0,2012-02-20
59,59,0,2012-02-21
44,44,0,2012-02-22
55,55,0,2012-02-23
58,58,0,2012-02-24
48,36,12,2012-02-25
48,48,0,2012-02-26
44,44,0,2012-02-27
39,39,0,2012-02-28
20,20,0,2012-02-29
24,24,0,2012-03-01
27,27,0,2012-03-02
63,47,16,2012-03-03
86,62,24,2012-03-04
108,62,46,2012-03-05
115,69,46,2012-03-06
106,71,35,2012-03-07
97,65,32,2012-03-08
110,72,38,2012-03-09
104,78,26,2012-03-10
116,85,31,2012-03-11
116,82,34,2012-03-12
96,74,22,2012-03-13
85,69,16,2012-03-14
88,58,30,2012-03-15
85,46,39,2012-03-16
88,27,61,2012-03-17
62,13,49,2012-03-18
74,30,44,2012-03-19
86,34,52,2012-03-20
77,20,57,2012-03-21
70,26,44,2012-03-22
71,39,32,2012-03-23
94,48,46,2012-03-24
89,42,47,2012-03-25
88,39,49,2012-03-26
84,30,54,2012-03-27
88,27,61,2012-03-28
106,30,76,2012-03-29
94,30,64,2012-03-30
89,47,42,2012-03-31
65,29,36,2012-04-01
79,37,42,2012-04-02
72,41,31,2012-04-03
64,42,22,2012-04-04
53,53,0,2012-04-05
53,53,0,2012-04-06
30,30,0,2012-04-07
25,25,0,2012-04-08
14,14,0,2012-04-09
16,16,0,2012-04-10
30,17,13,2012-04-11
58,25,33,2012-04-12
54,42,12,2012-04-13
51,51,0,2012-04-14
90,57,33,2012-04-15
61,36,25,2012-04-16
79,50,29,2012-04-17
112,40,72,2012-04-18
148,55,93,2012-04-19
168,54,114,2012-04-20
162,48,114,2012-04-21
146,48,98,2012-04-22
138,43,95,2012-04-23
134,59,75,2012-04-24
126,64,62,2012-04-25
117,55,62,2012-04-26
106,56,50,2012-04-27
112,47,65,2012-04-28
110,33,77,2012-04-29
104,23,81,2012-04-30
96,14,82,2012-05-01
95,15,80,2012-05-02
96,21,75,2012-05-03
87,21,66,2012-05-04
88,35,53,2012-05-05
87,46,41,2012-05-06
80,49,31,2012-05-07
85,54,31,2012-05-08
91,56,35,2012-05-09
96,57,39,2012-05-10
110,71,39,2012-05-11
101,72,29,2012-05-12
105,71,34,2012-05-13
119,71,48,2012-05-14
122,70,52,2012-05-15
137,75,62,2012-05-16
110,79,31,2012-05-17
102,81,21,2012-05-18
109,78,31,2012-05-19
116,85,31,2012-05-20
110,81,29,2012-05-21
80,80,0,2012-05-22
77,64,13,2012-05-23
87,67,20,2012-05-24
94,63,31,2012-05-25
80,42,38,2012-05-26
82,40,42,2012-05-27
109,41,68,2012-05-28
78,24,54,2012-05-29
73,11,62,2012-05-30
89,19,70,2012-05-31
121,43,78,2012-06-01
151,70,81,2012-06-02
165,87,78,2012-06-03
148,97,51,2012-06-04
151,103,48,2012-06-05
153,96,57,2012-06-06
127,88,39,2012-06-07
107,73,34,2012-06-08
106,60,46,2012-06-09
121,60,61,2012-06-10
128,48,80,2012-06-11
111,23,88,2012-06-12
113,19,94,2012-06-13
123,17,106,2012-06-14
117,16,101,2012-06-15
106,16,90,2012-06-16
88,16,72,2012-06-17
57,11,46,2012-06-18
51,11,40,2012-06-19
30,0,30,2012-06-20
16,0,16,2012-06-21
16,16,0,2012-06-22
16,16,0,2012-06-23
20,10,10,2012-06-24
17,0,17,2012-06-25
36,12,24,2012-06-26
70,14,56,2012-06-27
87,21,66,2012-06-28
103,39,64,2012-06-29
104,36,68,2012-06-30
126,60,66,2012-07-01
128,59,69,2012-07-02
125,56,69,2012-07-03
131,50,81,2012-07-04
129,57,72,2012-07-05
132,44,88,2012-07-06
146,38,108,2012-07-07
117,26,91,2012-07-08
122,12,110,2012-07-09
107,0,107,2012-07-10
110,0,110,2012-07-11
125,14,111,2012-07-12
129,15,114,2012-07-13
125,14,111,2012-07-14
117,15,102,2012-07-15
102,14,88,2012-07-16
86,12,74,2012-07-17
57,0,57,2012-07-18
38,0,38,2012-07-19
36,0,36,2012-07-20
29,0,29,2012-07-21
29,0,29,2012-07-22
63,21,42,2012-07-23
71,23,48,2012-07-24
68,15,53,2012-07-25
86,29,57,2012-07-26
110,29,81,2012-07-27
107,26,81,2012-07-28
111,26,85,2012-07-29
120,30,90,2012-07-30
122,32,90,2012-07-31
132,48,84,2012-08-01
143,50,93,2012-08-02
174,62,112,2012-08-03
152,36,116,2012-08-04
123,39,84,2012-08-05
98,29,69,2012-08-06
122,44,78,2012-08-07
123,47,76,2012-08-08
158,57,101,2012-08-09
131,44,87,2012-08-10
108,32,76,2012-08-11
98,33,65,2012-08-12
74,23,51,2012-08-13
33,20,13,2012-08-14
30,18,12,2012-08-15
32,32,0,2012-08-16
50,50,0,2012-08-17
54,54,0,2012-08-18
72,57,15,2012-08-19
80,56,24,2012-08-20
71,48,23,2012-08-21
69,56,13,2012-08-22
71,47,24,2012-08-23
71,47,24,2012-08-24
77,48,29,2012-08-25
78,41,37,2012-08-26
75,39,36,2012-08-27
80,65,15,2012-08-28
83,66,17,2012-08-29
126,75,51,2012-08-30
150,72,78,2012-08-31
145,55,90,2012-09-01
142,47,95,2012-09-02
171,64,107,2012-09-03
159,70,89,2012-09-04
122,53,69,2012-09-05
116,52,64,2012-09-06
95,37,58,2012-09-07
82,32,50,2012-09-08
89,31,58,2012-09-09
70,26,44,2012-09-10
76,20,56,2012-09-11
73,17,56,2012-09-12
58,12,46,2012-09-13
52,14,38,2012-09-14
61,23,38,2012-09-15
64,20,44,2012-09-16
55,11,44,2012-09-17
64,23,41,2012-09-18
67,17,50,2012-09-19
81,20,61,2012-09-20
84,29,55,2012-09-21
58,44,14,2012-09-22
75,51,24,2012-09-23
95,67,28,2012-09-24
136,104,32,2012-09-25
145,95,50,2012-09-26
113,73,40,2012-09-27
85,47,38,2012-09-28
79,49,30,2012-09-29
99,61,38,2012-09-30
78,39,39,2012-10-01
73,17,56,2012-10-02
63,0,63,2012-10-03
62,0,62,2012-10-04
60,0,60,2012-10-05
43,0,43,2012-10-06
40,0,40,2012-10-07
49,0,49,2012-10-08
70,31,39,2012-10-09
76,43,33,2012-10-10
73,36,37,2012-10-11
83,47,36,2012-10-12
80,46,34,2012-10-13
95,71,24,2012-10-14
119,83,36,2012-10-15
115,76,39,2012-10-16
102,56,46,2012-10-17
109,66,43,2012-10-18
95,65,30,2012-10-19
73,57,16,2012-10-20
82,53,29,2012-10-21
85,63,22,2012-10-22
92,58,34,2012-10-23
95,56,39,2012-10-24
79,40,39,2012-10-25
78,39,39,2012-10-26
67,36,31,2012-10-27
53,19,34,2012-10-28
69,29,40,2012-10-29
65,20,45,2012-10-30
50,13,37,2012-10-31
47,11,36,2012-11-01
45,0,45,2012-11-02
44,20,24,2012-11-03
45,14,31,2012-11-04
51,30,21,2012-11-05
47,24,23,2012-11-06
61,20,41,2012-11-07
65,30,35,2012-11-08
65,27,38,2012-11-09
79,28,51,2012-11-10
108,50,58,2012-11-11
122,71,51,2012-11-12
121,74,47,2012-11-13
133,91,42,2012-11-14
138,91,47,2012-11-15
142,99,43,2012-11-16
139,113,26,2012-11-17
132,119,13,2012-11-18
121,100,21,2012-11-19
105,82,23,2012-11-20
106,78,28,2012-11-21
95,71,24,2012-11-22
78,65,13,2012-11-23
82,62,20,2012-11-24
84,38,46,2012-11-25
72,31,41,2012-11-26
77,37,40,2012-11-27
77,43,34,2012-11-28
78,50,28,2012-11-29
70,51,19,2012-11-30
53,53,0,2012-12-01
47,47,0,2012-12-02
44,44,0,2012-12-03
54,54,0,2012-12-04
60,49,11,2012-12-05
28,28,0,2012-12-06
31,31,0,2012-12-07
50,50,0,2012-12-08
42,42,0,2012-12-09
43,43,0,2012-12-10
47,47,0,2012-12-11
67,67,0,2012-12-12
72,72,0,2012-12-13
60,60,0,2012-12-14
62,34,28,2012-12-15
65,36,29,2012-12-16
74,40,34,2012-12-17
60,24,36,2012-12-18
54,18,36,2012-12-19
56,20,36,2012-12-20
60,21,39,2012-12-21
78,29,49,2012-12-22
79,30,49,2012-12-23
57,26,31,2012-12-24
53,40,13,2012-12-25
57,44,13,2012-12-26
54,42,12,2012-12-27
53,39,14,2012-12-28
56,42,14,2012-12-29
56,42,14,2012-12-30
89,65,24,2012-12-31
99,75,24,2013-01-01
95,70,25,2013-01-02
130,90,40,2013-01-03
150,109,41,2013-01-04
162,109,53,2013-01-05
160,117,43,2013-01-06
145,102,43,2013-01-07
154,101,53,2013-01-08
156,95,61,2013-01-09
148,85,63,2013-01-10
163,102,61,2013-01-11
160,111,49,2013-01-12
128,82,46,2013-01-13
119,72,47,2013-01-14
110,72,38,2013-01-15
90,64,26,2013-01-16
63,51,12,2013-01-17
43,28,15,2013-01-18
47,35,12,2013-01-19
47,36,11,2013-01-20
37,26,11,2013-01-21
55,43,12,2013-01-22
60,49,11,2013-01-23
55,44,11,2013-01-24
49,49,0,2013-01-25
66,54,12,2013-01-26
72,55,17,2013-01-27
61,44,17,2013-01-28
52,28,24,2013-01-29
53,29,24,2013-01-30
49,25,24,2013-01-31
64,40,24,2013-02-01
72,46,26,2013-02-02
80,61,19,2013-02-03
38,38,0,2013-02-04
42,42,0,2013-02-05
43,43,0,2013-02-06
62,62,0,2013-02-07
59,59,0,2013-02-08
61,61,0,2013-02-09
48,48,0,2013-02-10
56,43,13,2013-02-11
64,53,11,2013-02-12
38,27,11,2013-02-13
35,35,0,2013-02-14
45,32,13,2013-02-15
40,27,13,2013-02-16
72,38,34,2013-02-17
109,53,56,2013-02-18
114,59,55,2013-02-19
107,53,54,2013-02-20
78,46,32,2013-02-21
67,37,30,2013-02-22
50,24,26,2013-02-23
30,14,16,2013-02-24
51,13,38,2013-02-25
53,14,39,2013-02-26
58,15,43,2013-02-27
70,14,56,2013-02-28
77,20,57,2013-03-01
96,23,73,2013-03-02
92,22,70,2013-03-03
88,0,88,2013-03-04
83,12,71,2013-03-05
77,0,77,2013-03-06
66,20,46,2013-03-07
73,37,36,2013-03-08
81,55,26,2013-03-09
100,74,26,2013-03-10
101,78,23,2013-03-11
115,91,24,2013-03-12
110,94,16,2013-03-13
123,108,15,2013-03-14
111,96,15,2013-03-15
110,90,20,2013-03-16
119,77,42,2013-03-17
107,58,49,2013-03-18
66,47,19,2013-03-19
51,51,0,2013-03-20
49,49,0,2013-03-21
49,34,15,2013-03-22
49,33,16,2013-03-23
41,29,12,2013-03-24
42,27,15,2013-03-25
30,15,15,2013-03-26
35,13,22,2013-03-27
47,30,17,2013-03-28
72,30,42,2013-03-29
73,30,43,2013-03-30
95,41,54,2013-03-31
79,36,43,2013-04-01
98,56,42,2013-04-02
101,56,45,2013-04-03
93,58,35,2013-04-04
114,65,49,2013-04-05
113,83,30,2013-04-06
126,98,28,2013-04-07
122,95,27,2013-04-08
136,93,43,2013-04-09
139,90,49,2013-04-10
126,76,50,2013-04-11
125,76,49,2013-04-12
117,65,52,2013-04-13
110,43,67,2013-04-14
93,25,68,2013-04-15
93,13,80,2013-04-16
95,15,80,2013-04-17
85,12,73,2013-04-18
87,24,63,2013-04-19
90,62,28,2013-04-20
93,77,16,2013-04-21
89,61,28,2013-04-22
82,61,21,2013-04-23
98,68,30,2013-04-24
111,81,30,2013-04-25
105,75,30,2013-04-26
107,58,49,2013-04-27
102,47,55,2013-04-28
141,58,83,2013-04-29
150,59,91,2013-04-30
142,55,87,2013-05-01
104,46,58,2013-05-02
98,38,60,2013-05-03
122,55,67,2013-05-04
110,49,61,2013-05-05
108,44,64,2013-05-06
116,34,82,2013-05-07
122,47,75,2013-05-08
116,69,47,2013-05-09
125,82,43,2013-05-10
134,79,55,2013-05-11
142,92,50,2013-05-12
153,95,58,2013-05-13
160,105,55,2013-05-14
173,107,66,2013-05-15
206,110,96,2013-05-16
183,107,76,2013-05-17
133,78,55,2013-05-18
127,72,55,2013-05-19
112,72,40,2013-05-20
113,69,44,2013-05-21
131,76,55,2013-05-22
108,53,55,2013-05-23
108,55,53,2013-05-24
118,49,69,2013-05-25
96,37,59,2013-05-26
92,34,58,2013-05-27
78,23,55,2013-05-28
72,17,55,2013-05-29
73,23,50,2013-05-30
50,14,36,2013-05-31
60,13,47,2013-06-01
77,28,49,2013-06-02
64,23,41,2013-06-03
51,15,36,2013-06-04
79,44,35,2013-06-05
76,48,28,2013-06-06
48,32,16,2013-06-07
26,26,0,2013-06-08
35,23,12,2013-06-09
26,26,0,2013-06-10
16,16,0,2013-06-11
29,12,17,2013-06-12
51,0,51,2013-06-13
64,0,64,2013-06-14
95,12,83,2013-06-15
104,13,91,2013-06-16
111,19,92,2013-06-17
113,31,82,2013-06-18
123,45,78,2013-06-19
129,44,85,2013-06-20
139,40,99,2013-06-21
137,41,96,2013-06-22
118,29,89,2013-06-23
108,16,92,2013-06-24
77,20,57,2013-06-25
60,19,41,2013-06-26
61,12,49,2013-06-27
75,25,50,2013-06-28
69,22,47,2013-06-29
80,33,47,2013-06-30
77,41,36,2013-07-01
112,29,83,2013-07-02
109,15,94,2013-07-03
121,11,110,2013-07-04
109,0,109,2013-07-05
124,0,124,2013-07-06
141,0,141,2013-07-07
122,0,122,2013-07-08
110,0,110,2013-07-09
80,0,80,2013-07-10
79,0,79,2013-07-11
73,11,62,2013-07-12
36,0,36,2013-07-13
60,14,46,2013-07-14
77,41,36,2013-07-15
77,41,36,2013-07-16
73,23,50,2013-07-17
95,23,72,2013-07-18
85,33,52,2013-07-19
59,33,26,2013-07-20
53,30,23,2013-07-21
57,24,33,2013-07-22
80,39,41,2013-07-23
70,24,46,2013-07-24
85,27,58,2013-07-25
71,24,47,2013-07-26
68,12,56,2013-07-27
73,12,61,2013-07-28
103,41,62,2013-07-29
89,47,42,2013-07-30
103,59,44,2013-07-31
96,64,32,2013-08-01
114,60,54,2013-08-02
107,60,47,2013-08-03
86,50,36,2013-08-04
82,33,49,2013-08-05
71,32,39,2013-08-06
86,40,46,2013-08-07
89,33,56,2013-08-08
64,11,53,2013-08-09
72,14,58,2013-08-10
81,11,70,2013-08-11
90,0,90,2013-08-12
108,0,108,2013-08-13
108,0,108,2013-08-14
124,13,111,2013-08-15
96,0,96,2013-08-16
100,10,90,2013-08-17
110,22,88,2013-08-18
134,46,88,2013-08-19
129,35,94,2013-08-20
146,61,85,2013-08-21
139,67,72,2013-08-22
138,70,68,2013-08-23
78,28,50,2013-08-24
50,24,26,2013-08-25
43,18,25,2013-08-26
56,28,28,2013-08-27
50,31,19,2013-08-28
53,35,18,2013-08-29
71,39,32,2013-08-30
74,50,24,2013-08-31
74,53,21,2013-09-01
90,53,37,2013-09-02
72,37,35,2013-09-03
78,35,43,2013-09-04
65,21,44,2013-09-05
49,24,25,2013-09-06
37,12,25,2013-09-07
25,10,15,2013-09-08
13,0,13,2013-09-09
18,0,18,2013-09-10
60,0,60,2013-09-11
52,15,37,2013-09-12
37,0,37,2013-09-13
25,0,25,2013-09-14
13,0,13,2013-09-15
25,0,25,2013-09-16
52,13,39,2013-09-17
63,25,38,2013-09-18
63,18,45,2013-09-19
90,55,35,2013-09-20
77,46,31,2013-09-21
79,42,37,2013-09-22
72,32,40,2013-09-23
65,40,25,2013-09-24
71,49,22,2013-09-25
54,38,16,2013-09-26
63,40,23,2013-09-27
56,43,13,2013-09-28
43,31,12,2013-09-29
53,32,21,2013-09-30
48,21,27,2013-10-01
60,23,37,2013-10-02
68,31,37,2013-10-03
79,29,50,2013-10-04
57,16,41,2013-10-05
47,12,35,2013-10-06
73,16,57,2013-10-07
96,20,76,2013-10-08
106,24,82,2013-10-09
120,19,101,2013-10-10
122,31,91,2013-10-11
112,24,88,2013-10-12
132,49,83,2013-10-13
128,45,83,2013-10-14
128,49,79,2013-10-15
119,39,80,2013-10-16
146,64,82,2013-10-17
155,68,87,2013-10-18
130,66,64,2013-10-19
114,52,62,2013-10-20
128,65,63,2013-10-21
118,63,55,2013-10-22
124,57,67,2013-10-23
144,56,88,2013-10-24
138,48,90,2013-10-25
132,45,87,2013-10-26
148,52,96,2013-10-27
147,43,104,2013-10-28
150,43,107,2013-10-29
146,43,103,2013-10-30
130,29,101,2013-10-31
106,12,94,2013-11-01
101,13,88,2013-11-02
123,13,110,2013-11-03
128,24,104,2013-11-04
122,24,98,2013-11-05
145,21,124,2013-11-06
166,18,148,2013-11-07
142,16,126,2013-11-08
104,13,91,2013-11-09
101,18,83,2013-11-10
113,12,101,2013-11-11
135,22,113,2013-11-12
152,22,130,2013-11-13
173,26,147,2013-11-14
166,43,123,2013-11-15
183,51,132,2013-11-16
192,60,132,2013-11-17
145,38,107,2013-11-18
113,28,85,2013-11-19
84,32,52,2013-11-20
72,38,34,2013-11-21
67,34,33,2013-11-22
62,41,21,2013-11-23
72,51,21,2013-11-24
40,18,22,2013-11-25
37,12,25,2013-11-26
73,0,73,2013-11-27
106,13,93,2013-11-28
98,10,88,2013-11-29
95,13,82,2013-11-30
124,25,99,2013-12-01
139,17,122,2013-12-02
110,0,110,2013-12-03
117,0,117,2013-12-04
110,0,110,2013-12-05
98,0,98,2013-12-06
89,0,89,2013-12-07
95,0,95,2013-12-08
142,41,101,2013-12-09
187,62,125,2013-12-10
176,63,113,2013-12-11
151,59,92,2013-12-12
144,69,75,2013-12-13
135,69,66,2013-12-14
135,65,70,2013-12-15
114,38,76,2013-12-16
121,26,95,2013-12-17
140,25,115,2013-12-18
140,37,103,2013-12-19
143,33,110,2013-12-20
140,30,110,2013-12-21
114,11,103,2013-12-22
111,0,111,2013-12-23
109,0,109,2013-12-24
96,0,96,2013-12-25
103,0,103,2013-12-26
106,0,106,2013-12-27
100,0,100,2013-12-28
124,11,113,2013-12-29
100,0,100,2013-12-30
136,11,125,2013-12-31
124,14,110,2014-01-01
133,26,107,2014-01-02
153,29,124,2014-01-03
136,36,100,2014-01-04
134,33,101,2014-01-05
167,73,94,2014-01-06
140,56,84,2014-01-07
107,37,70,2014-01-08
120,39,81,2014-01-09
137,63,74,2014-01-10
142,57,85,2014-01-11
133,46,87,2014-01-12
117,44,73,2014-01-13
96,33,63,2014-01-14
93,30,63,2014-01-15
80,14,66,2014-01-16
74,13,61,2014-01-17
116,29,87,2014-01-18
110,21,89,2014-01-19
133,20,113,2014-01-20
129,17,112,2014-01-21
154,40,114,2014-01-22
146,27,119,2014-01-23
116,32,84,2014-01-24
100,16,84,2014-01-25
97,11,86,2014-01-26
76,0,76,2014-01-27
77,17,60,2014-01-28
94,19,75,2014-01-29
99,19,80,2014-01-30
93,27,66,2014-01-31
94,26,68,2014-02-01
118,36,82,2014-02-02
127,31,96,2014-02-03
144,36,108,2014-02-04
167,53,114,2014-02-05
171,57,114,2014-02-06
147,44,103,2014-02-07
147,41,106,2014-02-08
147,36,111,2014-02-09
137,33,104,2014-02-10
158,33,125,2014-02-11
161,38,123,2014-02-12
147,27,120,2014-02-13
130,20,110,2014-02-14
113,0,113,2014-02-15
103,0,103,2014-02-16
106,0,106,2014-02-17
127,0,127,2014-02-18
126,21,105,2014-02-19
133,21,112,2014-02-20
136,13,123,2014-02-21
146,24,122,2014-02-22
158,34,124,2014-02-23
153,41,112,2014-02-24
171,40,131,2014-02-25
207,51,156,2014-02-26
220,49,171,2014-02-27
196,43,153,2014-02-28
155,32,123,2014-03-01
158,50,108,2014-03-02
161,55,106,2014-03-03
141,50,91,2014-03-04
154,50,104,2014-03-05
127,32,95,2014-03-06
134,39,95,2014-03-07
116,39,77,2014-03-08
111,39,72,2014-03-09
113,49,64,2014-03-10
111,45,66,2014-03-11
132,59,73,2014-03-12
112,50,62,2014-03-13
109,57,52,2014-03-14
111,58,53,2014-03-15
122,57,65,2014-03-16
126,41,85,2014-03-17
136,38,98,2014-03-18
141,25,116,2014-03-19
139,24,115,2014-03-20
126,22,104,2014-03-21
146,34,112,2014-03-22
151,41,110,2014-03-23
137,50,87,2014-03-24
136,49,87,2014-03-25
112,38,74,2014-03-26
115,39,76,2014-03-27
122,52,70,2014-03-28
118,52,66,2014-03-29
101,38,63,2014-03-30
118,35,83,2014-03-31
96,33,63,2014-04-01
114,49,65,2014-04-02
133,67,66,2014-04-03
158,84,74,2014-04-04
135,65,70,2014-04-05
121,60,61,2014-04-06
114,70,44,2014-04-07
117,73,44,2014-04-08
94,69,25,2014-04-09
65,52,13,2014-04-10
61,50,11,2014-04-11
73,50,23,2014-04-12
80,41,39,2014-04-13
105,43,62,2014-04-14
145,57,88,2014-04-15
187,73,114,2014-04-16
199,84,115,2014-04-17
178,76,102,2014-04-18
178,70,108,2014-04-19
173,52,121,2014-04-20
150,38,112,2014-04-21
123,25,98,2014-04-22
85,13,72,2014-04-23
72,11,61,2014-04-24
57,12,45,2014-04-25
45,12,33,2014-04-26
77,37,40,2014-04-27
80,35,45,2014-04-28
77,24,53,2014-04-29
82,24,58,2014-04-30
88,12,76,2014-05-01
115,12,103,2014-05-02
123,14,109,2014-05-03
127,24,103,2014-05-04
142,42,100,2014-05-05
148,64,84,2014-05-06
120,78,42,2014-05-07
132,80,52,2014-05-08
139,82,57,2014-05-09
123,77,46,2014-05-10
150,78,72,2014-05-11
154,75,79,2014-05-12
133,60,73,2014-05-13
166,87,79,2014-05-14
156,89,67,2014-05-15
133,81,52,2014-05-16
151,60,91,2014-05-17
138,44,94,2014-05-18
102,24,78,2014-05-19
87,12,75,2014-05-20
85,0,85,2014-05-21
66,0,66,2014-05-22
91,0,91,2014-05-23
109,0,109,2014-05-24
109,0,109,2014-05-25
91,0,91,2014-05-26
78,0,78,2014-05-27
70,0,70,2014-05-28
48,0,48,2014-05-29
55,0,55,2014-05-30
57,0,57,2014-05-31
64,12,52,2014-06-01
62,13,49,2014-06-02
74,22,52,2014-06-03
64,23,41,2014-06-04
87,26,61,2014-06-05
119,44,75,2014-06-06
133,39,94,2014-06-07
142,43,99,2014-06-08
156,51,105,2014-06-09
162,51,111,2014-06-10
174,73,101,2014-06-11
197,75,122,2014-06-12
182,59,123,2014-06-13
137,49,88,2014-06-14
74,44,30,2014-06-15
84,38,46,2014-06-16
95,35,60,2014-06-17
120,40,80,2014-06-18
95,35,60,2014-06-19
80,12,68,2014-06-20
93,23,70,2014-06-21
90,23,67,2014-06-22
77,32,45,2014-06-23
40,24,16,2014-06-24
55,26,29,2014-06-25
67,29,38,2014-06-26
67,36,31,2014-06-27
71,48,23,2014-06-28
93,52,41,2014-06-29
132,74,58,2014-06-30
134,73,61,2014-07-01
145,70,75,2014-07-02
167,68,99,2014-07-03
172,67,105,2014-07-04
194,55,139,2014-07-05
185,48,137,2014-07-06
197,58,139,2014-07-07
183,64,119,2014-07-08
162,64,98,2014-07-09
161,56,105,2014-07-10
144,53,91,2014-07-11
119,46,73,2014-07-12
86,40,46,2014-07-13
62,33,29,2014-07-14
18,18,0,2014-07-15
10,10,0,2014-07-16
0,0,0,2014-07-17
15,15,0,2014-07-18
35,20,15,2014-07-19
35,20,15,2014-07-20
17,0,17,2014-07-21
39,13,26,2014-07-22
65,29,36,2014-07-23
62,23,39,2014-07-24
64,32,32,2014-07-25
58,22,36,2014-07-26
78,21,57,2014-07-27
109,17,92,2014-07-28
137,17,120,2014-07-29
122,14,108,2014-07-30
131,21,110,2014-07-31
165,26,139,2014-08-01
165,34,131,2014-08-02
153,30,123,2014-08-03
146,34,112,2014-08-04
128,36,92,2014-08-05
113,26,87,2014-08-06
123,43,80,2014-08-07
89,53,36,2014-08-08
83,50,33,2014-08-09
62,30,32,2014-08-10
69,53,16,2014-08-11
75,62,13,2014-08-12
79,63,16,2014-08-13
86,60,26,2014-08-14
107,67,40,2014-08-15
109,77,32,2014-08-16
116,72,44,2014-08-17
105,65,40,2014-08-18
93,52,41,2014-08-19
102,68,34,2014-08-20
120,76,44,2014-08-21
125,86,39,2014-08-22
150,84,66,2014-08-23
149,109,40,2014-08-24
116,90,26,2014-08-25
86,60,26,2014-08-26
95,56,39,2014-08-27
82,39,43,2014-08-28
66,19,47,2014-08-29
76,22,54,2014-08-30
82,19,63,2014-08-31
96,18,78,2014-09-01
110,13,97,2014-09-02
102,0,102,2014-09-03
120,12,108,2014-09-04
116,13,103,2014-09-05
142,27,115,2014-09-06
165,33,132,2014-09-07
154,37,117,2014-09-08
175,62,113,2014-09-09
169,55,114,2014-09-10
160,43,117,2014-09-11
126,37,89,2014-09-12
125,37,88,2014-09-13
104,45,59,2014-09-14
94,42,52,2014-09-15
114,34,80,2014-09-16
123,50,73,2014-09-17
82,43,39,2014-09-18
79,36,43,2014-09-19
80,33,47,2014-09-20
95,36,59,2014-09-21
101,36,65,2014-09-22
119,49,70,2014-09-23
108,34,74,2014-09-24
144,62,82,2014-09-25
165,67,98,2014-09-26
181,58,123,2014-09-27
193,62,131,2014-09-28
180,73,107,2014-09-29
178,74,104,2014-09-30
135,55,80,2014-10-01
126,42,84,2014-10-02
117,37,80,2014-10-03
105,33,72,2014-10-04
89,28,61,2014-10-05
68,10,58,2014-10-06
68,10,58,2014-10-07
74,0,74,2014-10-08
59,0,59,2014-10-09
36,0,36,2014-10-10
30,0,30,2014-10-11
30,0,30,2014-10-12
42,12,30,2014-10-13
74,28,46,2014-10-14
89,45,44,2014-10-15
70,31,39,2014-10-16
64,19,45,2014-10-17
61,0,61,2014-10-18
92,18,74,2014-10-19
110,21,89,2014-10-20
107,18,89,2014-10-21
123,30,93,2014-10-22
132,28,104,2014-10-23
138,27,111,2014-10-24
136,30,106,2014-10-25
132,27,105,2014-10-26
107,12,95,2014-10-27
101,13,88,2014-10-28
92,12,80,2014-10-29
102,25,77,2014-10-30
80,22,58,2014-10-31
90,53,37,2014-11-01
98,68,30,2014-11-02
112,75,37,2014-11-03
109,56,53,2014-11-04
137,71,66,2014-11-05
101,61,40,2014-11-06
106,63,43,2014-11-07
86,58,28,2014-11-08
75,47,28,2014-11-09
69,40,29,2014-11-10
89,49,40,2014-11-11
92,42,50,2014-11-12
112,56,56,2014-11-13
102,46,56,2014-11-14
111,34,77,2014-11-15
103,19,84,2014-11-16
99,10,89,2014-11-17
77,0,77,2014-11-18
65,0,65,2014-11-19
74,0,74,2014-11-20
75,0,75,2014-11-21
84,0,84,2014-11-22
78,0,78,2014-11-23
103,22,81,2014-11-24
117,30,87,2014-11-25
139,55,84,2014-11-26
152,65,87,2014-11-27
143,77,66,2014-11-28
157,84,73,2014-11-29
154,70,84,2014-11-30
141,57,84,2014-12-01
125,37,88,2014-12-02
115,29,86,2014-12-03
93,30,63,2014-12-04
65,13,52,2014-12-05
57,12,45,2014-12-06
57,12,45,2014-12-07
71,24,47,2014-12-08
69,26,43,2014-12-09
90,31,59,2014-12-10
104,40,64,2014-12-11
115,53,62,2014-12-12
140,65,75,2014-12-13
162,71,91,2014-12-14
166,63,103,2014-12-15
175,60,115,2014-12-16
178,51,127,2014-12-17
154,40,114,2014-12-18
175,54,121,2014-12-19
138,38,100,2014-12-20
137,38,99,2014-12-21
118,47,71,2014-12-22
115,38,77,2014-12-23
93,24,69,2014-12-24
97,22,75,2014-12-25
88,31,57,2014-12-26
91,23,68,2014-12-27
100,24,76,2014-12-28
94,25,69,2014-12-29
88,28,60,2014-12-30
88,12,76,2014-12-31
104,11,93,2015-01-01
122,11,111,2015-01-02
102,0,102,2015-01-03
105,0,105,2015-01-04
88,0,88,2015-01-05
89,0,89,2015-01-06
103,30,73,2015-01-07
99,44,55,2015-01-08
111,54,57,2015-01-09
106,51,55,2015-01-10
122,46,76,2015-01-11
124,42,82,2015-01-12
101,37,64,2015-01-13
80,20,60,2015-01-14
59,23,36,2015-01-15
52,20,32,2015-01-16
40,11,29,2015-01-17
68,11,57,2015-01-18
66,20,46,2015-01-19
56,13,43,2015-01-20
43,10,33,2015-01-21
50,10,40,2015-01-22
60,24,36,2015-01-23
59,23,36,2015-01-24
62,28,34,2015-01-25
109,46,63,2015-01-26
126,42,84,2015-01-27
141,51,90,2015-01-28
146,56,90,2015-01-29
153,65,88,2015-01-30
138,70,68,2015-01-31
113,77,36,2015-02-01
93,55,38,2015-02-02
89,50,39,2015-02-03
96,70,26,2015-02-04
93,71,22,2015-02-05
89,51,38,2015-02-06
76,49,27,2015-02-07
84,53,31,2015-02-08
88,62,26,2015-02-09
84,64,20,2015-02-10
60,44,16,2015-02-11
51,38,13,2015-02-12
62,50,12,2015-02-13
53,53,0,2015-02-14
65,39,26,2015-02-15
41,28,13,2015-02-16
39,29,10,2015-02-17
87,49,38,2015-02-18
89,55,34,2015-02-19
64,38,26,2015-02-20
58,35,23,2015-02-21
43,43,0,2015-02-22
46,34,12,2015-02-23
44,32,12,2015-02-24
21,21,0,2015-02-25
22,22,0,2015-02-26
58,34,24,2015-02-27
60,36,24,2015-02-28
65,37,28,2015-03-01
52,31,21,2015-03-02
42,19,23,2015-03-03
37,18,19,2015-03-04
26,15,11,2015-03-05
35,13,22,2015-03-06
17,0,17,2015-03-07
28,0,28,2015-03-08
23,0,23,2015-03-09
27,0,27,2015-03-10
44,10,34,2015-03-11
56,0,56,2015-03-12
76,11,65,2015-03-13
55,0,55,2015-03-14
53,0,53,2015-03-15
46,12,34,2015-03-16
38,15,23,2015-03-17
41,28,13,2015-03-18
49,38,11,2015-03-19
20,20,0,2015-03-20
26,12,14,2015-03-21
81,41,40,2015-03-22
99,56,43,2015-03-23
108,73,35,2015-03-24
99,54,45,2015-03-25
105,49,56,2015-03-26
101,58,43,2015-03-27
81,47,34,2015-03-28
72,33,39,2015-03-29
51,22,29,2015-03-30
38,11,27,2015-03-31
43,17,26,2015-04-01
35,18,17,2015-04-02
35,35,0,2015-04-03
54,29,25,2015-04-04
55,29,26,2015-04-05
53,27,26,2015-04-06
51,22,29,2015-04-07
43,17,26,2015-04-08
47,15,32,2015-04-09
41,17,24,2015-04-10
59,31,28,2015-04-11
86,47,39,2015-04-12
103,60,43,2015-04-13
105,80,25,2015-04-14
96,86,10,2015-04-15
100,100,0,2015-04-16
117,103,14,2015-04-17
140,94,46,2015-04-18
137,97,40,2015-04-19
128,93,35,2015-04-20
127,76,51,2015-04-21
138,78,60,2015-04-22
117,79,38,2015-04-23
83,49,34,2015-04-24
69,35,34,2015-04-25
65,21,44,2015-04-26
47,14,33,2015-04-27
41,11,30,2015-04-28
30,11,19,2015-04-29
15,0,15,2015-04-30
19,0,19,2015-05-01
34,0,34,2015-05-02
44,17,27,2015-05-03
103,40,63,2015-05-04
104,54,50,2015-05-05
124,65,59,2015-05-06
145,65,80,2015-05-07
150,75,75,2015-05-08
139,84,55,2015-05-09
163,94,69,2015-05-10
163,100,63,2015-05-11
165,106,59,2015-05-12
172,113,59,2015-05-13
164,104,60,2015-05-14
124,67,57,2015-05-15
103,50,53,2015-05-16
89,31,58,2015-05-17
101,35,66,2015-05-18
77,26,51,2015-05-19
59,23,36,2015-05-20
50,18,32,2015-05-21
73,32,41,2015-05-22
72,29,43,2015-05-23
78,21,57,2015-05-24
67,16,51,2015-05-25
53,15,38,2015-05-26
14,14,0,2015-05-27
12,0,12,2015-05-28
33,12,21,2015-05-29
31,12,19,2015-05-30
29,10,19,2015-05-31
27,0,27,2015-06-01
44,7,37,2015-06-02
49,19,30,2015-06-03
80,46,34,2015-06-04
90,68,22,2015-06-05
109,74,35,2015-06-06
124,84,40,2015-06-07
112,76,36,2015-06-08
92,70,22,2015-06-09
93,77,16,2015-06-10
95,72,23,2015-06-11
98,63,35,2015-06-12
97,52,45,2015-06-13
90,46,44,2015-06-14
54,14,40,2015-06-15
70,32,38,2015-06-16
80,41,39,2015-06-17
77,48,29,2015-06-18
68,35,33,2015-06-19
64,36,28,2015-06-20
61,38,23,2015-06-21
56,38,18,2015-06-22
45,34,11,2015-06-23
36,36,0,2015-06-24
27,27,0,2015-06-25
23,23,0,2015-06-26
21,21,0,2015-06-27
32,32,0,2015-06-28
39,29,10,2015-06-29
41,29,12,2015-06-30
54,42,12,2015-07-01
75,35,40,2015-07-02
88,36,52,2015-07-03
99,56,43,2015-07-04
109,58,51,2015-07-05
97,56,41,2015-07-06
112,59,53,2015-07-07
123,52,71,2015-07-08
110,41,69,2015-07-09
103,44,59,2015-07-10
92,36,56,2015-07-11
71,44,27,2015-07-12
53,33,20,2015-07-13
43,29,14,2015-07-14
43,29,14,2015-07-15
50,38,12,2015-07-16
50,39,11,2015-07-17
58,39,19,2015-07-18
44,32,12,2015-07-19
36,36,0,2015-07-20
36,36,0,2015-07-21
36,36,0,2015-07-22
29,29,0,2015-07-23
31,19,12,2015-07-24
34,0,34,2015-07-25
40,0,40,2015-07-26
51,11,40,2015-07-27
62,11,51,2015-07-28
67,12,55,2015-07-29
76,38,38,2015-07-30
69,38,31,2015-07-31
64,47,17,2015-08-01
53,41,12,2015-08-02
61,51,10,2015-08-03
90,56,34,2015-08-04
94,46,48,2015-08-05
108,60,48,2015-08-06
112,58,54,2015-08-07
93,48,45,2015-08-08
76,30,46,2015-08-09
69,24,45,2015-08-10
78,31,47,2015-08-11
66,24,42,2015-08-12
55,16,39,2015-08-13
46,18,28,2015-08-14
39,16,23,2015-08-15
38,14,24,2015-08-16
33,13,20,2015-08-17
39,10,29,2015-08-18
50,0,50,2015-08-19
65,11,54,2015-08-20
73,15,58,2015-08-21
71,15,56,2015-08-22
81,18,63,2015-08-23
81,16,65,2015-08-24
69,14,55,2015-08-25
47,0,47,2015-08-26
55,0,55,2015-08-27
44,0,44,2015-08-28
56,13,43,2015-08-29
56,20,36,2015-08-30
35,35,0,2015-08-31
43,43,0,2015-09-01
36,36,0,2015-09-02
29,16,13,2015-09-03
37,24,13,2015-09-04
27,27,0,2015-09-05
43,29,14,2015-09-06
44,29,15,2015-09-07
42,25,17,2015-09-08
57,30,27,2015-09-09
46,14,32,2015-09-10
81,15,66,2015-09-11
89,24,65,2015-09-12
83,21,62,2015-09-13
56,0,56,2015-09-14
68,14,54,2015-09-15
86,21,65,2015-09-16
75,22,53,2015-09-17
71,21,50,2015-09-18
64,20,44,2015-09-19
65,31,34,2015-09-20
78,42,36,2015-09-21
86,48,38,2015-09-22
96,55,41,2015-09-23
101,52,49,2015-09-24
152,87,65,2015-09-25
162,93,69,2015-09-26
169,95,74,2015-09-27
156,80,76,2015-09-28
120,61,59,2015-09-29
95,50,45,2015-09-30
93,56,37,2015-10-01
62,35,27,2015-10-02
51,35,16,2015-10-03
22,22,0,2015-10-04
20,20,0,2015-10-05
26,14,12,2015-10-06
33,11,22,2015-10-07
37,0,37,2015-10-08
26,0,26,2015-10-09
13,0,13,2015-10-10
30,0,30,2015-10-11
53,16,37,2015-10-12
65,22,43,2015-10-13
57,13,44,2015-10-14
55,0,55,2015-10-15
59,0,59,2015-10-16
79,13,66,2015-10-17
75,20,55,2015-10-18
94,26,68,2015-10-19
95,31,64,2015-10-20
89,43,46,2015-10-21
107,43,64,2015-10-22
94,47,47,2015-10-23
78,41,37,2015-10-24
67,41,26,2015-10-25
78,56,22,2015-10-26
67,67,0,2015-10-27
81,66,15,2015-10-28
93,72,21,2015-10-29
88,75,13,2015-10-30
86,86,0,2015-10-31
85,85,0,2015-11-01
101,101,0,2015-11-02
82,82,0,2015-11-03
100,100,0,2015-11-04
82,82,0,2015-11-05
78,78,0,2015-11-06
82,52,30,2015-11-07
75,42,33,2015-11-08
66,39,27,2015-11-09
71,36,35,2015-11-10
61,17,44,2015-11-11
60,17,43,2015-11-12
49,36,13,2015-11-13
39,28,11,2015-11-14
56,45,11,2015-11-15
38,38,0,2015-11-16
34,34,0,2015-11-17
30,30,0,2015-11-18
41,41,0,2015-11-19
55,55,0,2015-11-20
58,58,0,2015-11-21
71,71,0,2015-11-22
56,56,0,2015-11-23
59,59,0,2015-11-24
61,61,0,2015-11-25
65,65,0,2015-11-26
61,61,0,2015-11-27
51,51,0,2015-11-28
51,40,11,2015-11-29
47,47,0,2015-11-30
32,32,0,2015-12-01
49,36,13,2015-12-02
36,36,0,2015-12-03
33,17,16,2015-12-04
50,13,37,2015-12-05
54,12,42,2015-12-06
61,14,47,2015-12-07
60,13,47,2015-12-08
78,13,65,2015-12-09
82,0,82,2015-12-10
83,0,83,2015-12-11
83,13,70,2015-12-12
81,35,46,2015-12-13
86,42,44,2015-12-14
65,37,28,2015-12-15
63,45,18,2015-12-16
56,40,16,2015-12-17
54,41,13,2015-12-18
49,36,13,2015-12-19
22,22,0,2015-12-20
18,18,0,2015-12-21
72,42,30,2015-12-22
68,36,32,2015-12-23
69,37,32,2015-12-24
76,40,36,2015-12-25
65,16,49,2015-12-26
67,22,45,2015-12-27
71,24,47,2015-12-28
57,16,41,2015-12-29
37,11,26,2015-12-30
22,0,22,2015-12-31
37,11,26,2016-01-01
40,12,28,2016-01-02
51,29,22,2016-01-03
70,42,28,2016-01-04
35,13,22,2016-01-05
31,19,12,2016-01-06
61,36,25,2016-01-07
86,66,20,2016-01-08
97,77,20,2016-01-09
90,69,21,2016-01-10
47,47,0,2016-01-11
40,28,12,2016-01-12
38,38,0,2016-01-13
41,41,0,2016-01-14
45,45,0,2016-01-15
44,44,0,2016-01-16
58,45,13,2016-01-17
54,41,13,2016-01-18
66,40,26,2016-01-19
62,27,35,2016-01-20
64,21,43,2016-01-21
67,27,40,2016-01-22
63,28,35,2016-01-23
48,30,18,2016-01-24
67,43,24,2016-01-25
69,43,26,2016-01-26
83,51,32,2016-01-27
77,57,20,2016-01-28
64,47,17,2016-01-29
36,36,0,2016-01-30
35,19,16,2016-01-31
44,28,16,2016-02-01
52,37,15,2016-02-02
83,48,35,2016-02-03
108,45,63,2016-02-04
103,41,62,2016-02-05
79,39,40,2016-02-06
89,54,35,2016-02-07
89,55,34,2016-02-08
84,66,18,2016-02-09
75,59,16,2016-02-10
85,72,13,2016-02-11
63,63,0,2016-02-12
38,38,0,2016-02-13
46,33,13,2016-02-14
50,40,10,2016-02-15
42,42,0,2016-02-16
38,38,0,2016-02-17
36,36,0,2016-02-18
46,46,0,2016-02-19
52,52,0,2016-02-20
47,47,0,2016-02-21
34,34,0,2016-02-22
37,27,10,2016-02-23
34,23,11,2016-02-24
26,11,15,2016-02-25
48,23,25,2016-02-26
26,0,26,2016-02-27
36,11,25,2016-02-28
45,26,19,2016-02-29
68,50,18,2016-03-01
78,61,17,2016-03-02
77,63,14,2016-03-03
111,77,34,2016-03-04
83,83,0,2016-03-05
78,78,0,2016-03-06
79,79,0,2016-03-07
63,63,0,2016-03-08
91,91,0,2016-03-09
80,80,0,2016-03-10
51,51,0,2016-03-11
70,70,0,2016-03-12
57,57,0,2016-03-13
70,70,0,2016-03-14
59,59,0,2016-03-15
79,66,13,2016-03-16
72,61,11,2016-03-17
47,47,0,2016-03-18
37,37,0,2016-03-19
36,36,0,2016-03-20
33,33,0,2016-03-21
20,20,0,2016-03-22
21,21,0,2016-03-23
35,23,12,2016-03-24
34,22,12,2016-03-25
32,19,13,2016-03-26
32,17,15,2016-03-27
30,17,13,2016-03-28
20,0,20,2016-03-29
17,0,17,2016-03-30
16,0,16,2016-03-31
12,0,12,2016-04-01
12,0,12,2016-04-02
12,0,12,2016-04-03
40,28,12,2016-04-04
33,23,10,2016-04-05
20,20,0,2016-04-06
18,18,0,2016-04-07
26,26,0,2016-04-08
25,25,0,2016-04-09
34,34,0,2016-04-10
43,43,0,2016-04-11
37,37,0,2016-04-12
48,48,0,2016-04-13
46,46,0,2016-04-14
33,33,0,2016-04-15
42,42,0,2016-04-16
36,36,0,2016-04-17
31,31,0,2016-04-18
28,28,0,2016-04-19
25,14,11,2016-04-20
26,15,11,2016-04-21
21,10,11,2016-04-22
13,0,13,2016-04-23
37,26,11,2016-04-24
45,34,11,2016-04-25
57,35,22,2016-04-26
76,38,38,2016-04-27
90,49,41,2016-04-28
82,47,35,2016-04-29
89,68,21,2016-04-30
87,76,11,2016-05-01
83,72,11,2016-05-02
73,73,0,2016-05-03
71,71,0,2016-05-04
60,60,0,2016-05-05
57,57,0,2016-05-06
34,34,0,2016-05-07
44,30,14,2016-05-08
52,38,14,2016-05-09
76,41,35,2016-05-10
79,39,40,2016-05-11
83,46,37,2016-05-12
78,44,34,2016-05-13
88,47,41,2016-05-14
87,47,40,2016-05-15
55,31,24,2016-05-16
38,23,15,2016-05-17
30,17,13,2016-05-18
43,14,29,2016-05-19
46,11,35,2016-05-20
18,0,18,2016-05-21
28,0,28,2016-05-22
16,0,16,2016-05-23
25,13,12,2016-05-24
35,25,10,2016-05-25
34,23,11,2016-05-26
34,34,0,2016-05-27
33,17,16,2016-05-28
33,13,20,2016-05-29
41,29,12,2016-05-30
36,36,0,2016-05-31
41,28,13,2016-06-01
14,14,0,2016-06-02
0,0,0,2016-06-03
10,0,10,2016-06-04
0,0,0,2016-06-05
0,0,0,2016-06-06
12,12,0,2016-06-07
14,14,0,2016-06-08
19,19,0,2016-06-09
33,21,12,2016-06-10
44,32,12,2016-06-11
42,30,12,2016-06-12
38,18,20,2016-06-13
38,15,23,2016-06-14
40,15,25,2016-06-15
28,0,28,2016-06-16
39,11,28,2016-06-17
47,24,23,2016-06-18
50,38,12,2016-06-19
36,24,12,2016-06-20
24,13,11,2016-06-21
23,12,11,2016-06-22
12,12,0,2016-06-23
12,12,0,2016-06-24
0,0,0,2016-06-25
0,0,0,2016-06-26
0,0,0,2016-06-27
0,0,0,2016-06-28
0,0,0,2016-06-29
0,0,0,2016-06-30
0,0,0,2016-07-01
11,11,0,2016-07-02
19,10,9,2016-07-03
0,0,0,2016-07-04
13,0,13,2016-07-05
13,0,13,2016-07-06
25,0,25,2016-07-07
41,14,27,2016-07-08
56,28,28,2016-07-09
50,32,18,2016-07-10
62,46,16,2016-07-11
59,44,15,2016-07-12
53,39,14,2016-07-13
58,45,13,2016-07-14
69,45,24,2016-07-15
60,47,13,2016-07-16
39,39,0,2016-07-17
64,64,0,2016-07-18
59,59,0,2016-07-19
56,56,0,2016-07-20
52,52,0,2016-07-21
39,39,0,2016-07-22
27,27,0,2016-07-23
13,13,0,2016-07-24
0,0,0,2016-07-25
0,0,0,2016-07-26
0,0,0,2016-07-27
13,13,0,2016-07-28
15,15,0,2016-07-29
21,21,0,2016-07-30
16,16,0,2016-07-31
12,12,0,2016-08-01
12,12,0,2016-08-02
0,0,0,2016-08-03
16,16,0,2016-08-04
38,38,0,2016-08-05
39,39,0,2016-08-06
51,51,0,2016-08-07
81,81,0,2016-08-08
72,60,12,2016-08-09
77,64,13,2016-08-10
79,67,12,2016-08-11
71,59,12,2016-08-12
58,44,14,2016-08-13
59,45,14,2016-08-14
63,49,14,2016-08-15
80,67,13,2016-08-16
58,44,14,2016-08-17
49,35,14,2016-08-18
47,34,13,2016-08-19
16,16,0,2016-08-20
14,14,0,2016-08-21
28,16,12,2016-08-22
48,37,11,2016-08-23
49,38,11,2016-08-24
48,35,13,2016-08-25
49,37,12,2016-08-26
58,47,11,2016-08-27
64,50,14,2016-08-28
68,53,15,2016-08-29
74,52,22,2016-08-30
77,47,30,2016-08-31
78,54,24,2016-09-01
67,67,0,2016-09-02
65,65,0,2016-09-03
49,49,0,2016-09-04
31,31,0,2016-09-05
43,43,0,2016-09-06
57,57,0,2016-09-07
53,53,0,2016-09-08
79,79,0,2016-09-09
78,78,0,2016-09-10
67,67,0,2016-09-11
59,59,0,2016-09-12
39,39,0,2016-09-13
28,28,0,2016-09-14
15,15,0,2016-09-15
13,13,0,2016-09-16
14,14,0,2016-09-17
38,38,0,2016-09-18
63,63,0,2016-09-19
53,53,0,2016-09-20
55,55,0,2016-09-21
36,36,0,2016-09-22
60,39,21,2016-09-23
55,28,27,2016-09-24
30,5,25,2016-09-25
29,0,29,2016-09-26
26,0,26,2016-09-27
30,9,21,2016-09-28
17,0,17,2016-09-29
12,0,12,2016-09-30
0,0,0,2016-10-01
15,15,0,2016-10-02
35,22,13,2016-10-03
40,25,15,2016-10-04
41,24,17,2016-10-05
56,40,16,2016-10-06
60,41,19,2016-10-07
63,41,22,2016-10-08
68,41,27,2016-10-09
66,45,21,2016-10-10
63,42,21,2016-10-11
41,25,16,2016-10-12
42,27,15,2016-10-13
41,27,14,2016-10-14
38,26,12,2016-10-15
29,29,0,2016-10-16
27,27,0,2016-10-17
29,29,0,2016-10-18
28,28,0,2016-10-19
16,16,0,2016-10-20
28,28,0,2016-10-21
27,27,0,2016-10-22
15,15,0,2016-10-23
15,15,0,2016-10-24
17,17,0,2016-10-25
25,25,0,2016-10-26
25,25,0,2016-10-27
37,37,0,2016-10-28
23,23,0,2016-10-29
13,13,0,2016-10-30
13,13,0,2016-10-31
12,12,0,2016-11-01
0,0,0,2016-11-02
27,18,9,2016-11-03
25,25,0,2016-11-04
25,25,0,2016-11-05
22,22,0,2016-11-06
11,11,0,2016-11-07
0,0,0,2016-11-08
14,0,14,2016-11-09
24,0,24,2016-11-10
26,0,26,2016-11-11
12,0,12,2016-11-12
36,14,22,2016-11-13
31,16,15,2016-11-14
27,16,11,2016-11-15
27,27,0,2016-11-16
29,29,0,2016-11-17
28,28,0,2016-11-18
24,24,0,2016-11-19
13,13,0,2016-11-20
0,0,0,2016-11-21
0,0,0,2016-11-22
11,11,0,2016-11-23
12,12,0,2016-11-24
13,13,0,2016-11-25
25,25,0,2016-11-26
30,30,0,2016-11-27
41,41,0,2016-11-28
46,31,15,2016-11-29
51,32,19,2016-11-30
55,34,21,2016-12-01
61,40,21,2016-12-02
56,32,24,2016-12-03
38,12,26,2016-12-04
34,0,34,2016-12-05
31,11,20,2016-12-06
19,0,19,2016-12-07
14,0,14,2016-12-08
20,0,20,2016-12-09
0,0,0,2016-12-10
0,0,0,2016-12-11
12,12,0,2016-12-12
14,14,0,2016-12-13
23,23,0,2016-12-14
12,12,0,2016-12-15
0,0,0,2016-12-16
13,13,0,2016-12-17
27,27,0,2016-12-18
15,15,0,2016-12-19
22,11,11,2016-12-20
30,0,30,2016-12-21
16,0,16,2016-12-22
0,0,0,2016-12-23
0,0,0,2016-12-24
0,0,0,2016-12-25
0,0,0,2016-12-26
16,16,0,2016-12-27
12,12,0,2016-12-28
11,11,0,2016-12-29
11,11,0,2016-12-30
11,11,0,2016-12-31
12,0,12,2017-01-01
12,0,12,2017-01-02
11,0,11,2017-01-03
0,0,0,2017-01-04
0,0,0,2017-01-05
0,0,0,2017-01-06
0,0,0,2017-01-07
0,0,0,2017-01-08
0,0,0,2017-01-09
0,0,0,2017-01-10
0,0,0,2017-01-11
11,11,0,2017-01-12
26,26,0,2017-01-13
31,31,0,2017-01-14
30,30,0,2017-01-15
25,25,0,2017-01-16
30,30,0,2017-01-17
36,36,0,2017-01-18
33,33,0,2017-01-19
56,56,0,2017-01-20
75,75,0,2017-01-21
68,68,0,2017-01-22
57,57,0,2017-01-23
43,43,0,2017-01-24
47,47,0,2017-01-25
40,40,0,2017-01-26
30,30,0,2017-01-27
30,30,0,2017-01-28
34,34,0,2017-01-29
35,29,6,2017-01-30
36,21,15,2017-01-31
47,37,10,2017-02-01
47,47,0,2017-02-02
39,39,0,2017-02-03
20,20,0,2017-02-04
14,14,0,2017-02-05
13,13,0,2017-02-06
13,13,0,2017-02-07
11,11,0,2017-02-08
19,19,0,2017-02-09
24,24,0,2017-02-10
23,23,0,2017-02-11
21,21,0,2017-02-12
19,19,0,2017-02-13
16,16,0,2017-02-14
24,24,0,2017-02-15
19,19,0,2017-02-16
14,14,0,2017-02-17
13,13,0,2017-02-18
27,16,11,2017-02-19
32,27,5,2017-02-20
27,27,0,2017-02-21
29,29,0,2017-02-22
24,24,0,2017-02-23
27,18,9,2017-02-24
32,18,14,2017-02-25
38,26,12,2017-02-26
50,43,7,2017-02-27
58,58,0,2017-02-28
59,59,0,2017-03-01
56,56,0,2017-03-02
39,39,0,2017-03-03
0,0,0,2017-03-04
14,14,0,2017-03-05
0,0,0,2017-03-06
0,0,0,2017-03-07
0,0,0,2017-03-08
0,0,0,2017-03-09
0,0,0,2017-03-10
0,0,0,2017-03-11
0,0,0,2017-03-12
0,0,0,2017-03-13
0,0,0,2017-03-14
0,0,0,2017-03-15
0,0,0,2017-03-16
0,0,0,2017-03-17
0,0,0,2017-03-18
0,0,0,2017-03-19
0,0,0,2017-03-20
13,13,0,2017-03-21
14,14,0,2017-03-22
14,14,0,2017-03-23
14,14,0,2017-03-24
18,18,0,2017-03-25
31,31,0,2017-03-26
52,39,13,2017-03-27
57,37,20,2017-03-28
52,28,24,2017-03-29
49,20,29,2017-03-30
66,26,40,2017-03-31
71,34,37,2017-04-01
83,34,49,2017-04-02
100,43,57,2017-04-03
76,28,48,2017-04-04
50,11,39,2017-04-05
36,0,36,2017-04-06
23,0,23,2017-04-07
0,0,0,2017-04-08
12,12,0,2017-04-09
14,14,0,2017-04-10
14,14,0,2017-04-11
22,22,0,2017-04-12
25,25,0,2017-04-13
19,19,0,2017-04-14
0,0,0,2017-04-15
0,0,0,2017-04-16
0,0,0,2017-04-17
23,23,0,2017-04-18
15,15,0,2017-04-19
28,28,0,2017-04-20
40,29,11,2017-04-21
30,18,12,2017-04-22
43,30,13,2017-04-23
46,34,12,2017-04-24
41,29,12,2017-04-25
38,26,12,2017-04-26
26,14,12,2017-04-27
36,24,12,2017-04-28
34,23,11,2017-04-29
24,13,11,2017-04-30
12,0,12,2017-05-01
29,18,11,2017-05-02
18,18,0,2017-05-03
17,17,0,2017-05-04
31,31,0,2017-05-05
27,27,0,2017-05-06
23,23,0,2017-05-07
11,11,0,2017-05-08
0,0,0,2017-05-09
0,0,0,2017-05-10
11,0,11,2017-05-11
15,15,0,2017-05-12
0,0,0,2017-05-13
0,0,0,2017-05-14
0,0,0,2017-05-15
25,25,0,2017-05-16
12,12,0,2017-05-17
24,12,12,2017-05-18
25,12,13,2017-05-19
30,19,11,2017-05-20
37,25,12,2017-05-21
50,27,23,2017-05-22
55,26,29,2017-05-23
20,20,0,2017-05-24
31,31,0,2017-05-25
25,25,0,2017-05-26
24,24,0,2017-05-27
21,21,0,2017-05-28
14,14,0,2017-05-29
0,0,0,2017-05-30
0,0,0,2017-05-31
15,15,0,2017-06-01
23,23,0,2017-06-02
24,24,0,2017-06-03
25,25,0,2017-06-04
34,34,0,2017-06-05
24,24,0,2017-06-06
14,14,0,2017-06-07
14,14,0,2017-06-08
0,0,0,2017-06-09
0,0,0,2017-06-10
0,0,0,2017-06-11
0,0,0,2017-06-12
11,11,0,2017-06-13
11,11,0,2017-06-14
31,31,0,2017-06-15
30,30,0,2017-06-16
30,30,0,2017-06-17
29,29,0,2017-06-18
27,27,0,2017-06-19
31,31,0,2017-06-20
35,35,0,2017-06-21
24,24,0,2017-06-22
23,23,0,2017-06-23
25,25,0,2017-06-24
18,18,0,2017-06-25
21,21,0,2017-06-26
19,19,0,2017-06-27
16,16,0,2017-06-28
12,12,0,2017-06-29
11,11,0,2017-06-30
23,23,0,2017-07-01
13,13,0,2017-07-02
0,0,0,2017-07-03
0,0,0,2017-07-04
7,0,7,2017-07-05
16,0,16,2017-07-06
26,0,26,2017-07-07
31,0,31,2017-07-08
43,8,35,2017-07-09
45,9,36,2017-07-10
38,0,38,2017-07-11
61,24,37,2017-07-12
59,23,36,2017-07-13
52,20,32,2017-07-14
33,13,20,2017-07-15
21,5,16,2017-07-16
22,9,13,2017-07-17
0,0,0,2017-07-18
0,0,0,2017-07-19
0,0,0,2017-07-20
0,0,0,2017-07-21
0,0,0,2017-07-22
0,0,0,2017-07-23
0,0,0,2017-07-24
12,12,0,2017-07-25
12,12,0,2017-07-26
0,0,0,2017-07-27
11,11,0,2017-07-28
12,12,0,2017-07-29
15,15,0,2017-07-30
0,0,0,2017-07-31
13,0,13,2017-08-01
13,0,13,2017-08-02
13,0,13,2017-08-03
14,0,14,2017-08-04
13,0,13,2017-08-05
13,0,13,2017-08-06
12,0,12,2017-08-07
13,0,13,2017-08-08
12,0,12,2017-08-09
14,0,14,2017-08-10
12,0,12,2017-08-11
13,0,13,2017-08-12
12,0,12,2017-08-13
13,13,0,2017-08-14
22,22,0,2017-08-15
33,33,0,2017-08-16
45,45,0,2017-08-17
45,45,0,2017-08-18
50,50,0,2017-08-19
60,60,0,2017-08-20
63,63,0,2017-08-21
63,63,0,2017-08-22
69,69,0,2017-08-23
54,54,0,2017-08-24
53,53,0,2017-08-25
48,48,0,2017-08-26
38,38,0,2017-08-27
23,23,0,2017-08-28
40,30,10,2017-08-29
51,40,11,2017-08-30
73,47,26,2017-08-31
59,34,25,2017-09-01
56,31,25,2017-09-02
105,51,54,2017-09-03
112,47,65,2017-09-04
119,60,59,2017-09-05
100,63,37,2017-09-06
97,60,37,2017-09-07
88,59,29,2017-09-08
62,41,21,2017-09-09
40,40,0,2017-09-10
29,29,0,2017-09-11
11,11,0,2017-09-12
23,13,10,2017-09-13
12,12,0,2017-09-14
12,12,0,2017-09-15
13,13,0,2017-09-16
14,14,0,2017-09-17
13,13,0,2017-09-18
11,11,0,2017-09-19
21,11,10,2017-09-20
22,11,11,2017-09-21
21,10,11,2017-09-22
12,0,12,2017-09-23
23,0,23,2017-09-24
36,12,24,2017-09-25
39,12,27,2017-09-26
37,12,25,2017-09-27
42,12,30,2017-09-28
42,12,30,2017-09-29
40,13,27,2017-09-30
35,14,21,2017-10-01
25,14,11,2017-10-02
24,13,11,2017-10-03
27,16,11,2017-10-04
26,15,11,2017-10-05
23,12,11,2017-10-06
11,11,0,2017-10-07
11,11,0,2017-10-08
0,0,0,2017-10-09
0,0,0,2017-10-10
0,0,0,2017-10-11
0,0,0,2017-10-12
0,0,0,2017-10-13
11,11,0,2017-10-14
0,0,0,2017-10-15
0,0,0,2017-10-16
0,0,0,2017-10-17
0,0,0,2017-10-18
0,0,0,2017-10-19
0,0,0,2017-10-20
11,0,11,2017-10-21
11,0,11,2017-10-22
23,12,11,2017-10-23
23,12,11,2017-10-24
23,12,11,2017-10-25
23,12,11,2017-10-26
23,12,11,2017-10-27
24,12,12,2017-10-28
23,11,12,2017-10-29
21,11,10,2017-10-30
11,11,0,2017-10-31
0,0,0,2017-11-01
0,0,0,2017-11-02
0,0,0,2017-11-03
0,0,0,2017-11-04
0,0,0,2017-11-05
0,0,0,2017-11-06
0,0,0,2017-11-07
0,0,0,2017-11-08
0,0,0,2017-11-09
0,0,0,2017-11-10
0,0,0,2017-11-11
0,0,0,2017-11-12
0,0,0,2017-11-13
13,0,13,2017-11-14
15,0,15,2017-11-15
16,0,16,2017-11-16
25,10,15,2017-11-17
15,0,15,2017-11-18
0,0,0,2017-11-19
0,0,0,2017-11-20
0,0,0,2017-11-21
0,0,0,2017-11-22
0,0,0,2017-11-23
0,0,0,2017-11-24
15,15,0,2017-11-25
17,17,0,2017-11-26
16,16,0,2017-11-27
15,15,0,2017-11-28
13,13,0,2017-11-29
11,11,0,2017-11-30
0,0,0,2017-12-01
0,0,0,2017-12-02
0,0,0,2017-12-03
0,0,0,2017-12-04
0,0,0,2017-12-05
13,13,0,2017-12-06
11,11,0,2017-12-07
0,0,0,2017-12-08
0,0,0,2017-12-09
11,0,11,2017-12-10
13,0,13,2017-12-11
13,0,13,2017-12-12
0,0,0,2017-12-13
0,0,0,2017-12-14
0,0,0,2017-12-15
0,0,0,2017-12-16
0,0,0,2017-12-17
0,0,0,2017-12-18
11,11,0,2017-12-19
16,16,0,2017-12-20
19,19,0,2017-12-21
25,25,0,2017-12-22
26,26,0,2017-12-23
29,29,0,2017-12-24
24,24,0,2017-12-25
16,16,0,2017-12-26
13,13,0,2017-12-27
0,0,0,2017-12-28
0,0,0,2017-12-29
0,0,0,2017-12-30
13,13,0,2017-12-31
0,0,0,2018-01-01
0,0,0,2018-01-02
0,0,0,2018-01-03
13,13,0,2018-01-04
11,11,0,2018-01-05
11,11,0,2018-01-06
12,12,0,2018-01-07
13,0,13,2018-01-08
16,0,16,2018-01-09
20,0,20,2018-01-10
12,0,12,2018-01-11
0,0,0,2018-01-12
0,0,0,2018-01-13
12,0,12,2018-01-14
13,0,13,2018-01-15
15,0,15,2018-01-16
16,0,16,2018-01-17
12,0,12,2018-01-18
12,0,12,2018-01-19
0,0,0,2018-01-20
0,0,0,2018-01-21
0,0,0,2018-01-22
0,0,0,2018-01-23
0,0,0,2018-01-24
0,0,0,2018-01-25
0,0,0,2018-01-26
0,0,0,2018-01-27
0,0,0,2018-01-28
0,0,0,2018-01-29
11,0,11,2018-01-30
12,0,12,2018-01-31
0,0,0,2018-02-01
0,0,0,2018-02-02
0,0,0,2018-02-03
11,0,11,2018-02-04
13,0,13,2018-02-05
16,0,16,2018-02-06
20,0,20,2018-02-07
22,0,22,2018-02-08
25,0,25,2018-02-09
25,0,25,2018-02-10
28,0,28,2018-02-11
25,0,25,2018-02-12
23,0,23,2018-02-13
20,0,20,2018-02-14
16,0,16,2018-02-15
12,0,12,2018-02-16
0,0,0,2018-02-17
0,0,0,2018-02-18
0,0,0,2018-02-19
0,0,0,2018-02-20
0,0,0,2018-02-21
0,0,0,2018-02-22
0,0,0,2018-02-23
0,0,0,2018-02-24
0,0,0,2018-02-25
16,16,0,2018-02-26
15,15,0,2018-02-27
12,12,0,2018-02-28
12,12,0,2018-03-01
11,11,0,2018-03-02
0,0,0,2018-03-03
0,0,0,2018-03-04
0,0,0,2018-03-05
0,0,0,2018-03-06
0,0,0,2018-03-07
0,0,0,2018-03-08
0,0,0,2018-03-09
0,0,0,2018-03-10
0,0,0,2018-03-11
0,0,0,2018-03-12
0,0,0,2018-03-13
0,0,0,2018-03-14
0,0,0,2018-03-15
0,0,0,2018-03-16
14,14,0,2018-03-17
14,14,0,2018-03-18
0,0,0,2018-03-19
0,0,0,2018-03-20
0,0,0,2018-03-21
0,0,0,2018-03-22
0,0,0,2018-03-23
0,0,0,2018-03-24
0,0,0,2018-03-25
0,0,0,2018-03-26
0,0,0,2018-03-27
0,0,0,2018-03-28
0,0,0,2018-03-29
12,0,12,2018-03-30
13,0,13,2018-03-31
11,0,11,2018-04-01
0,0,0,2018-04-02
0,0,0,2018-04-03
0,0,0,2018-04-04
0,0,0,2018-04-05
0,0,0,2018-04-06
0,0,0,2018-04-07
0,0,0,2018-04-08
0,0,0,2018-04-09
12,0,12,2018-04-10
0,0,0,2018-04-11
13,13,0,2018-04-12
16,16,0,2018-04-13
11,11,0,2018-04-14
13,13,0,2018-04-15
12,12,0,2018-04-16
11,11,0,2018-04-17
0,0,0,2018-04-18
13,13,0,2018-04-19
16,16,0,2018-04-20
27,19,8,2018-04-21
22,22,0,2018-04-22
23,23,0,2018-04-23
21,21,0,2018-04-24
18,18,0,2018-04-25
15,15,0,2018-04-26
14,14,0,2018-04-27
0,0,0,2018-04-28
0,0,0,2018-04-29
0,0,0,2018-04-30
0,0,0,2018-05-01
0,0,0,2018-05-02
0,0,0,2018-05-03
13,0,13,2018-05-04
14,0,14,2018-05-05
15,0,15,2018-05-06
14,0,14,2018-05-07
20,9,11,2018-05-08
23,12,11,2018-05-09
11,11,0,2018-05-10
11,11,0,2018-05-11
13,13,0,2018-05-12
12,12,0,2018-05-13
0,0,0,2018-05-14
0,0,0,2018-05-15
0,0,0,2018-05-16
0,0,0,2018-05-17
0,0,0,2018-05-18
0,0,0,2018-05-19
0,0,0,2018-05-20
12,12,0,2018-05-21
13,13,0,2018-05-22
27,27,0,2018-05-23
33,33,0,2018-05-24
30,30,0,2018-05-25
27,27,0,2018-05-26
33,24,9,2018-05-27
20,20,0,2018-05-28
23,23,0,2018-05-29
21,21,0,2018-05-30
22,22,0,2018-05-31
22,22,0,2018-06-01
21,21,0,2018-06-02
13,13,0,2018-06-03
0,0,0,2018-06-04
0,0,0,2018-06-05
11,11,0,2018-06-06
10,10,0,2018-06-07
0,0,0,2018-06-08
0,0,0,2018-06-09
0,0,0,2018-06-10
0,0,0,2018-06-11
11,11,0,2018-06-12
15,15,0,2018-06-13
15,15,0,2018-06-14
14,14,0,2018-06-15
14,14,0,2018-06-16
14,14,0,2018-06-17
29,29,0,2018-06-18
33,33,0,2018-06-19
56,56,0,2018-06-20
48,48,0,2018-06-21
41,41,0,2018-06-22
37,37,0,2018-06-23
19,19,0,2018-06-24
16,16,0,2018-06-25
14,14,0,2018-06-26
14,14,0,2018-06-27
0,0,0,2018-06-28
0,0,0,2018-06-29
0,0,0,2018-06-30
0,0,0,2018-07-01
0,0,0,2018-07-02
0,0,0,2018-07-03
0,0,0,2018-07-04
0,0,0,2018-07-05
0,0,0,2018-07-06
0,0,0,2018-07-07
0,0,0,2018-07-08
0,0,0,2018-07-09
0,0,0,2018-07-10
0,0,0,2018-07-11
0,0,0,2018-07-12
13,13,0,2018-07-13
12,12,0,2018-07-14
12,12,0,2018-07-15
0,0,0,2018-07-16
0,0,0,2018-07-17
0,0,0,2018-07-18
0,0,0,2018-07-19
0,0,0,2018-07-20
12,12,0,2018-07-21
0,0,0,2018-07-22
0,0,0,2018-07-23
0,0,0,2018-07-24
0,0,0,2018-07-25
0,0,0,2018-07-26
0,0,0,2018-07-27
0,0,0,2018-07-28
0,0,0,2018-07-29
0,0,0,2018-07-30
0,0,0,2018-07-31
12,0,12,2018-08-01
11,0,11,2018-08-02
0,0,0,2018-08-03
0,0,0,2018-08-04
0,0,0,2018-08-05
0,0,0,2018-08-06
0,0,0,2018-08-07
0,0,0,2018-08-08
0,0,0,2018-08-09
0,0,0,2018-08-10
0,0,0,2018-08-11
0,0,0,2018-08-12
0,0,0,2018-08-13
12,0,12,2018-08-14
13,0,13,2018-08-15
13,0,13,2018-08-16
12,0,12,2018-08-17
11,0,11,2018-08-18
14,0,14,2018-08-19
16,0,16,2018-08-20
16,0,16,2018-08-21
12,0,12,2018-08-22
15,0,15,2018-08-23
29,13,16,2018-08-24
32,17,15,2018-08-25
28,15,13,2018-08-26
13,13,0,2018-08-27
11,11,0,2018-08-28
0,0,0,2018-08-29
0,0,0,2018-08-30
0,0,0,2018-08-31
0,0,0,2018-09-01
0,0,0,2018-09-02
0,0,0,2018-09-03
0,0,0,2018-09-04
0,0,0,2018-09-05
0,0,0,2018-09-06
0,0,0,2018-09-07
16,16,0,2018-09-08
14,14,0,2018-09-09
12,12,0,2018-09-10
16,0,16,2018-09-11
14,0,14,2018-09-12
0,0,0,2018-09-13
0,0,0,2018-09-14
0,0,0,2018-09-15
0,0,0,2018-09-16
13,0,13,2018-09-17
0,0,0,2018-09-18
0,0,0,2018-09-19
0,0,0,2018-09-20
0,0,0,2018-09-21
0,0,0,2018-09-22
0,0,0,2018-09-23
0,0,0,2018-09-24
0,0,0,2018-09-25
0,0,0,2018-09-26
0,0,0,2018-09-27
0,0,0,2018-09-28
0,0,0,2018-09-29
15,0,15,2018-09-30
17,0,17,2018-10-01
14,0,14,2018-10-02
12,0,12,2018-10-03
11,0,11,2018-10-04
0,0,0,2018-10-05
0,0,0,2018-10-06
0,0,0,2018-10-07
0,0,0,2018-10-08
0,0,0,2018-10-09
0,0,0,2018-10-10
5,0,5,2018-10-11
13,2,11,2018-10-12
26,0,26,2018-10-13
23,0,23,2018-10-14
17,0,17,2018-10-15
0,0,0,2018-10-16
11,0,11,2018-10-17
0,0,0,2018-10-18
0,0,0,2018-10-19
0,0,0,2018-10-20
4,0,4,2018-10-21
0,0,0,2018-10-22
0,0,0,2018-10-23
0,0,0,2018-10-24
0,0,0,2018-10-25
0,0,0,2018-10-26
0,0,0,2018-10-27
0,0,0,2018-10-28
0,0,0,2018-10-29
0,0,0,2018-10-30
0,0,0,2018-10-31
0,0,0,2018-11-01
0,0,0,2018-11-02
0,0,0,2018-11-03
0,0,0,2018-11-04
0,0,0,2018-11-05
0,0,0,2018-11-06
0,0,0,2018-11-07
5,5,0,2018-11-08
11,11,0,2018-11-09
3,3,0,2018-11-10
0,0,0,2018-11-11
15,15,0,2018-11-12
11,11,0,2018-11-13
11,11,0,2018-11-14
13,13,0,2018-11-15
15,15,0,2018-11-16
15,15,0,2018-11-17
14,14,0,2018-11-18
12,12,0,2018-11-19
0,0,0,2018-11-20
0,0,0,2018-11-21
0,0,0,2018-11-22
0,0,0,2018-11-23
9,9,0,2018-11-24
11,11,0,2018-11-25
3,3,0,2018-11-26
0,0,0,2018-11-27
0,0,0,2018-11-28
0,0,0,2018-11-29
0,0,0,2018-11-30
0,0,0,2018-12-01
0,0,0,2018-12-02
0,0,0,2018-12-03
0,0,0,2018-12-04
17,0,17,2018-12-05
21,0,21,2018-12-06
18,0,18,2018-12-07
5,0,5,2018-12-08
0,0,0,2018-12-09
0,0,0,2018-12-10
13,13,0,2018-12-11
0,0,0,2018-12-12
0,0,0,2018-12-13
11,11,0,2018-12-14
12,12,0,2018-12-15
0,0,0,2018-12-16
0,0,0,2018-12-17
0,0,0,2018-12-18
0,0,0,2018-12-19
0,0,0,2018-12-20
0,0,0,2018-12-21
0,0,0,2018-12-22
0,0,0,2018-12-23
0,0,0,2018-12-24
0,0,0,2018-12-25
0,0,0,2018-12-26
0,0,0,2018-12-27
0,0,0,2018-12-28
0,0,0,2018-12-29
0,0,0,2018-12-30
0,0,0,2018-12-31
12,12,0,2019-01-01
15,15,0,2019-01-02
15,15,0,2019-01-03
13,13,0,2019-01-04
11,11,0,2019-01-05
0,0,0,2019-01-06
0,0,0,2019-01-07
0,0,0,2019-01-08
0,0,0,2019-01-09
0,0,0,2019-01-10
0,0,0,2019-01-11
0,0,0,2019-01-12
0,0,0,2019-01-13
0,0,0,2019-01-14
0,0,0,2019-01-15
0,0,0,2019-01-16
0,0,0,2019-01-17
0,0,0,2019-01-18
0,0,0,2019-01-19
0,0,0,2019-01-20
10,10,0,2019-01-21
16,16,0,2019-01-22
19,19,0,2019-01-23
21,21,0,2019-01-24
22,22,0,2019-01-25
26,26,0,2019-01-26
19,19,0,2019-01-27
16,16,0,2019-01-28
13,13,0,2019-01-29
11,11,0,2019-01-30
0,0,0,2019-01-31
0,0,0,2019-02-01
0,0,0,2019-02-02
0,0,0,2019-02-03
0,0,0,2019-02-04
0,0,0,2019-02-05
0,0,0,2019-02-06
0,0,0,2019-02-07
0,0,0,2019-02-08
0,0,0,2019-02-09
0,0,0,2019-02-10
0,0,0,2019-02-11
0,0,0,2019-02-12
12,0,12,2019-02-13
0,0,0,2019-02-14
0,0,0,2019-02-15
0,0,0,2019-02-16
0,0,0,2019-02-17
0,0,0,2019-02-18
0,0,0,2019-02-19
0,0,0,2019-02-20
11,11,0,2019-02-21
0,0,0,2019-02-22
0,0,0,2019-02-23
0,0,0,2019-02-24
0,0,0,2019-02-25
0,0,0,2019-02-26
0,0,0,2019-02-27
0,0,0,2019-02-28
0,0,0,2019-03-01
0,0,0,2019-03-02
0,0,0,2019-03-03
0,0,0,2019-03-04
14,14,0,2019-03-05
18,18,0,2019-03-06
16,16,0,2019-03-07
11,11,0,2019-03-08
11,11,0,2019-03-09
11,11,0,2019-03-10
11,11,0,2019-03-11
11,11,0,2019-03-12
0,0,0,2019-03-13
12,12,0,2019-03-14
0,0,0,2019-03-15
0,0,0,2019-03-16
0,0,0,2019-03-17
13,13,0,2019-03-18
15,15,0,2019-03-19
32,32,0,2019-03-20
38,38,0,2019-03-21
30,30,0,2019-03-22
22,22,0,2019-03-23
14,14,0,2019-03-24
0,0,0,2019-03-25
0,0,0,2019-03-26
0,0,0,2019-03-27
0,0,0,2019-03-28
0,0,0,2019-03-29
0,0,0,2019-03-30
13,13,0,2019-03-31
14,14,0,2019-04-01
17,17,0,2019-04-02
19,19,0,2019-04-03
11,11,0,2019-04-04
5,5,0,2019-04-05
0,0,0,2019-04-06
11,11,0,2019-04-07
12,12,0,2019-04-08
12,12,0,2019-04-09
13,13,0,2019-04-10
12,12,0,2019-04-11
13,13,0,2019-04-12
16,16,0,2019-04-13
14,14,0,2019-04-14
12,12,0,2019-04-15
11,11,0,2019-04-16
16,16,0,2019-04-17
24,24,0,2019-04-18
24,24,0,2019-04-19
11,11,0,2019-04-20
5,5,0,2019-04-21
0,0,0,2019-04-22
0,0,0,2019-04-23
0,0,0,2019-04-24
0,0,0,2019-04-25
0,0,0,2019-04-26
0,0,0,2019-04-27
0,0,0,2019-04-28
0,0,0,2019-04-29
0,0,0,2019-04-30
0,0,0,2019-05-01
0,0,0,2019-05-02
0,0,0,2019-05-03
12,12,0,2019-05-04
12,12,0,2019-05-05
16,16,0,2019-05-06
26,26,0,2019-05-07
25,25,0,2019-05-08
26,26,0,2019-05-09
26,26,0,2019-05-10
27,27,0,2019-05-11
26,26,0,2019-05-12
24,24,0,2019-05-13
24,24,0,2019-05-14
18,18,0,2019-05-15
13,13,0,2019-05-16
13,13,0,2019-05-17
12,12,0,2019-05-18
0,0,0,2019-05-19
0,0,0,2019-05-20
0,0,0,2019-05-21
0,0,0,2019-05-22
0,0,0,2019-05-23
0,0,0,2019-05-24
0,0,0,2019-05-25
0,0,0,2019-05-26
0,0,0,2019-05-27
0,0,0,2019-05-28
7,7,0,2019-05-29
0,0,0,2019-05-30
0,0,0,2019-05-31
0,0,0,2019-06-01
0,0,0,2019-06-02
0,0,0,2019-06-03
0,0,0,2019-06-04
0,0,0,2019-06-05
0,0,0,2019-06-06
0,0,0,2019-06-07
0,0,0,2019-06-08
0,0,0,2019-06-09
0,0,0,2019-06-10
0,0,0,2019-06-11
0,0,0,2019-06-12
0,0,0,2019-06-13
0,0,0,2019-06-14
0,0,0,2019-06-15
0,0,0,2019-06-16
0,0,0,2019-06-17
0,0,0,2019-06-18
0,0,0,2019-06-19
0,0,0,2019-06-20
0,0,0,2019-06-21
0,0,0,2019-06-22
0,0,0,2019-06-23
11,11,0,2019-06-24
12,12,0,2019-06-25
7,7,0,2019-06-26
0,0,0,2019-06-27
0,0,0,2019-06-28
5,5,0,2019-06-29
0,0,0,2019-06-30
5,0,5,2019-07-01
0,0,0,2019-07-02
0,0,0,2019-07-03
0,0,0,2019-07-04
0,0,0,2019-07-05
0,0,0,2019-07-06
9,0,9,2019-07-07
5,0,5,2019-07-08
0,0,0,2019-07-09
0,0,0,2019-07-10
0,0,0,2019-07-11
0,0,0,2019-07-12
0,0,0,2019-07-13
0,0,0,2019-07-14
0,0,0,2019-07-15
0,0,0,2019-07-16
0,0,0,2019-07-17
0,0,0,2019-07-18
0,0,0,2019-07-19
0,0,0,2019-07-20
0,0,0,2019-07-21
8,8,0,2019-07-22
0,0,0,2019-07-23
0,0,0,2019-07-24
0,0,0,2019-07-25
0,0,0,2019-07-26
0,0,0,2019-07-27
0,0,0,2019-07-28
0,0,0,2019-07-29
0,0,0,2019-07-30
0,0,0,2019-07-31
0,0,0,2019-08-01
0,0,0,2019-08-02
0,0,0,2019-08-03
0,0,0,2019-08-04
8,0,8,2019-08-05
0,0,0,2019-08-06
7,7,0,2019-08-07
0,0,0,2019-08-08
0,0,0,2019-08-09
0,0,0,2019-08-10
0,0,0,2019-08-11
0,0,0,2019-08-12
0,0,0,2019-08-13
0,0,0,2019-08-14
0,0,0,2019-08-15
0,0,0,2019-08-16
0,0,0,2019-08-17
0,0,0,2019-08-18
0,0,0,2019-08-19
0,0,0,2019-08-20
0,0,0,2019-08-21
0,0,0,2019-08-22
0,0,0,2019-08-23
0,0,0,2019-08-24
0,0,0,2019-08-25
0,0,0,2019-08-26
0,0,0,2019-08-27
0,0,0,2019-08-28
0,0,0,2019-08-29
0,0,0,2019-08-30
0,0,0,2019-08-31
14,14,0,2019-09-01
14,14,0,2019-09-02
5,5,0,2019-09-03
0,0,0,2019-09-04
0,0,0,2019-09-05
0,0,0,2019-09-06
0,0,0,2019-09-07
0,0,0,2019-09-08
0,0,0,2019-09-09
0,0,0,2019-09-10
0,0,0,2019-09-11
0,0,0,2019-09-12
0,0,0,2019-09-13
0,0,0,2019-09-14
0,0,0,2019-09-15
0,0,0,2019-09-16
0,0,0,2019-09-17
0,0,0,2019-09-18
0,0,0,2019-09-19
0,0,0,2019-09-20
0,0,0,2019-09-21
0,0,0,2019-09-22
0,0,0,2019-09-23
0,0,0,2019-09-24
0,0,0,2019-09-25
0,0,0,2019-09-26
0,0,0,2019-09-27
0,0,0,2019-09-28
0,0,0,2019-09-29
0,0,0,2019-09-30
6,0,6,2019-10-01
6,0,6,2019-10-02
0,0,0,2019-10-03
0,0,0,2019-10-04
0,0,0,2019-10-05
0,0,0,2019-10-06
0,0,0,2019-10-07
0,0,0,2019-10-08
0,0,0,2019-10-09
0,0,0,2019-10-10
0,0,0,2019-10-11
0,0,0,2019-10-12
0,0,0,2019-10-13
0,0,0,2019-10-14
0,0,0,2019-10-15
0,0,0,2019-10-16
0,0,0,2019-10-17
0,0,0,2019-10-18
0,0,0,2019-10-19
0,0,0,2019-10-20
0,0,0,2019-10-21
0,0,0,2019-10-22
0,0,0,2019-10-23
0,0,0,2019-10-24
0,0,0,2019-10-25
0,0,0,2019-10-26
0,0,0,2019-10-27
0,0,0,2019-10-28
0,0,0,2019-10-29
0,0,0,2019-10-30
0,0,0,2019-10-31
7,0,7,2019-11-01
0,0,0,2019-11-02
0,0,0,2019-11-03
4,4,0,2019-11-04
0,0,0,2019-11-05
0,0,0,2019-11-06
0,0,0,2019-11-07
0,0,0,2019-11-08
0,0,0,2019-11-09
0,0,0,2019-11-10
0,0,0,2019-11-11
0,0,0,2019-11-12
3,0,3,2019-11-13
0,0,0,2019-11-14
0,0,0,2019-11-15
0,0,0,2019-11-16
0,0,0,2019-11-17
0,0,0,2019-11-18
0,0,0,2019-11-19
0,0,0,2019-11-20
0,0,0,2019-11-21
0,0,0,2019-11-22
0,0,0,2019-11-23
0,0,0,2019-11-24
0,0,0,2019-11-25
0,0,0,2019-11-26
0,0,0,2019-11-27
0,0,0,2019-11-28
0,0,0,2019-11-29
0,0,0,2019-11-30
0,0,0,2019-12-01
0,0,0,2019-12-02
0,0,0,2019-12-03
0,0,0,2019-12-04
0,0,0,2019-12-05
0,0,0,2019-12-06
0,0,0,2019-12-07
0,0,0,2019-12-08
0,0,0,2019-12-09
0,0,0,2019-12-10
0,0,0,2019-12-11
0,0,0,2019-12-12
0,0,0,2019-12-13
0,0,0,2019-12-14
0,0,0,2019-12-15
0,0,0,2019-12-16
0,0,0,2019-12-17
0,0,0,2019-12-18
0,0,0,2019-12-19
0,0,0,2019-12-20
0,0,0,2019-12-21
0,0,0,2019-12-22
0,0,0,2019-12-23
16,4,12,2019-12-24
23,11,12,2019-12-25
8,0,8,2019-12-26
0,0,0,2019-12-27
0,0,0,2019-12-28
0,0,0,2019-12-29
0,0,0,2019-12-30
0,0,0,2019-12-31
6,0,6,2020-01-01
12,0,12,2020-01-02
13,0,13,2020-01-03
12,0,12,2020-01-04
14,0,14,2020-01-05
7,0,7,2020-01-06
4,0,4,2020-01-07
4,4,0,2020-01-08
15,15,0,2020-01-09
4,4,0,2020-01-10
0,0,0,2020-01-11
0,0,0,2020-01-12
0,0,0,2020-01-13
0,0,0,2020-01-14
0,0,0,2020-01-15
0,0,0,2020-01-16
0,0,0,2020-01-17
0,0,0,2020-01-18
0,0,0,2020-01-19
0,0,0,2020-01-20
0,0,0,2020-01-21
0,0,0,2020-01-22
0,0,0,2020-01-23
8,8,0,2020-01-24
12,12,0,2020-01-25
19,19,0,2020-01-26
14,14,0,2020-01-27
12,12,0,2020-01-28
12,12,0,2020-01-29
12,12,0,2020-01-30
12,12,0,2020-01-31
6,6,0,2020-02-01
0,0,0,2020-02-02
0,0,0,2020-02-03
0,0,0,2020-02-04
0,0,0,2020-02-05
0,0,0,2020-02-06
0,0,0,2020-02-07
0,0,0,2020-02-08
0,0,0,2020-02-09
0,0,0,2020-02-10
0,0,0,2020-02-11
0,0,0,2020-02-12
0,0,0,2020-02-13
0,0,0,2020-02-14
0,0,0,2020-02-15
0,0,0,2020-02-16
0,0,0,2020-02-17
0,0,0,2020-02-18
0,0,0,2020-02-19
0,0,0,2020-02-20
0,0,0,2020-02-21
0,0,0,2020-02-22
0,0,0,2020-02-23
0,0,0,2020-02-24
0,0,0,2020-02-25
0,0,0,2020-02-26
0,0,0,2020-02-27
0,0,0,2020-02-28
0,0,0,2020-02-29
0,0,0,2020-03-01
0,0,0,2020-03-02
0,0,0,2020-03-03
0,0,0,2020-03-04
0,0,0,2020-03-05
0,0,0,2020-03-06
2,0,2,2020-03-07
16,0,16,2020-03-08
11,0,11,2020-03-09
0,0,0,2020-03-10
0,0,0,2020-03-11
0,0,0,2020-03-12
0,0,0,2020-03-13
0,0,0,2020-03-14
0,0,0,2020-03-15
0,0,0,2020-03-16
0,0,0,2020-03-17
3,3,0,2020-03-18
0,0,0,2020-03-19
0,0,0,2020-03-20
0,0,0,2020-03-21
0,0,0,2020-03-22
0,0,0,2020-03-23
0,0,0,2020-03-24
0,0,0,2020-03-25
0,0,0,2020-03-26
0,0,0,2020-03-27
0,0,0,2020-03-28
0,0,0,2020-03-29
3,3,0,2020-03-30
11,11,0,2020-03-31
13,13,0,2020-04-01
13,13,0,2020-04-02
13,13,0,2020-04-03
13,13,0,2020-04-04
0,0,0,2020-04-05
0,0,0,2020-04-06
0,0,0,2020-04-07
0,0,0,2020-04-08
0,0,0,2020-04-09
0,0,0,2020-04-10
0,0,0,2020-04-11
0,0,0,2020-04-12
0,0,0,2020-04-13
0,0,0,2020-04-14
0,0,0,2020-04-15
0,0,0,2020-04-16
0,0,0,2020-04-17
0,0,0,2020-04-18
0,0,0,2020-04-19
0,0,0,2020-04-20
0,0,0,2020-04-21
0,0,0,2020-04-22
0,0,0,2020-04-23
0,0,0,2020-04-24
6,0,6,2020-04-25
13,0,13,2020-04-26
26,0,26,2020-04-27
15,0,15,2020-04-28
24,12,12,2020-04-29
20,8,12,2020-04-30
4,0,4,2020-05-01
0,0,0,2020-05-02
0,0,0,2020-05-03
0,0,0,2020-05-04
0,0,0,2020-05-05
0,0,0,2020-05-06
0,0,0,2020-05-07
0,0,0,2020-05-08
0,0,0,2020-05-09
0,0,0,2020-05-10
0,0,0,2020-05-11
0,0,0,2020-05-12
0,0,0,2020-05-13
0,0,0,2020-05-14
0,0,0,2020-05-15
0,0,0,2020-05-16
0,0,0,2020-05-17
0,0,0,2020-05-18
0,0,0,2020-05-19
0,0,0,2020-05-20
0,0,0,2020-05-21
0,0,0,2020-05-22
0,0,0,2020-05-23
0,0,0,2020-05-24
0,0,0,2020-05-25
0,0,0,2020-05-26
0,0,0,2020-05-27
0,0,0,2020-05-28
0,0,0,2020-05-29
0,0,0,2020-05-30
2,2,0,2020-05-31
6,6,0,2020-06-01
0,0,0,2020-06-02
9,0,9,2020-06-03
11,0,11,2020-06-04
13,0,13,2020-06-05
16,0,16,2020-06-06
16,0,16,2020-06-07
16,0,16,2020-06-08
14,0,14,2020-06-09
12,0,12,2020-06-10
11,0,11,2020-06-11
11,0,11,2020-06-12
11,0,11,2020-06-13
11,0,11,2020-06-14
8,0,8,2020-06-15
0,0,0,2020-06-16
0,0,0,2020-06-17
0,0,0,2020-06-18
0,0,0,2020-06-19
0,0,0,2020-06-20
0,0,0,2020-06-21
0,0,0,2020-06-22
0,0,0,2020-06-23
0,0,0,2020-06-24
0,0,0,2020-06-25
6,6,0,2020-06-26
4,0,4,2020-06-27
0,0,0,2020-06-28
0,0,0,2020-06-29
0,0,0,2020-06-30
4,0,4,2020-07-01
2,0,2,2020-07-02
0,0,0,2020-07-03
7,7,0,2020-07-04
5,5,0,2020-07-05
5,5,0,2020-07-06
8,8,0,2020-07-07
0,0,0,2020-07-08
0,0,0,2020-07-09
0,0,0,2020-07-10
0,0,0,2020-07-11
0,0,0,2020-07-12
0,0,0,2020-07-13
0,0,0,2020-07-14
2,0,2,2020-07-15
0,0,0,2020-07-16
0,0,0,2020-07-17
0,0,0,2020-07-18
0,0,0,2020-07-19
0,0,0,2020-07-20
6,0,6,2020-07-21
11,0,11,2020-07-22
11,0,11,2020-07-23
11,0,11,2020-07-24
11,0,11,2020-07-25
11,0,11,2020-07-26
11,0,11,2020-07-27
20,10,10,2020-07-28
21,10,11,2020-07-29
21,11,10,2020-07-30
21,11,10,2020-07-31
26,15,11,2020-08-01
15,6,9,2020-08-02
11,11,0,2020-08-03
11,11,0,2020-08-04
12,12,0,2020-08-05
14,14,0,2020-08-06
17,14,3,2020-08-07
12,12,0,2020-08-08
13,13,0,2020-08-09
13,13,0,2020-08-10
12,12,0,2020-08-11
17,10,7,2020-08-12
10,0,10,2020-08-13
5,5,0,2020-08-14
0,0,0,2020-08-15
0,0,0,2020-08-16
0,0,0,2020-08-17
13,13,0,2020-08-18
16,16,0,2020-08-19
12,12,0,2020-08-20
3,3,0,2020-08-21
0,0,0,2020-08-22
0,0,0,2020-08-23
0,0,0,2020-08-24
0,0,0,2020-08-25
0,0,0,2020-08-26
0,0,0,2020-08-27
0,0,0,2020-08-28
0,0,0,2020-08-29
0,0,0,2020-08-30
0,0,0,2020-08-31
0,0,0,2020-09-01
0,0,0,2020-09-02
0,0,0,2020-09-03
0,0,0,2020-09-04
0,0,0,2020-09-05
0,0,0,2020-09-06
0,0,0,2020-09-07
0,0,0,2020-09-08
0,0,0,2020-09-09
0,0,0,2020-09-10
0,0,0,2020-09-11
0,0,0,2020-09-12
0,0,0,2020-09-13
2,2,0,2020-09-14
0,0,0,2020-09-15
0,0,0,2020-09-16
0,0,0,2020-09-17
0,0,0,2020-09-18
0,0,0,2020-09-19
0,0,0,2020-09-20
0,0,0,2020-09-21
0,0,0,2020-09-22
7,7,0,2020-09-23
5,3,2,2020-09-24
4,4,0,2020-09-25
0,0,0,2020-09-26
0,0,0,2020-09-27
0,0,0,2020-09-28
0,0,0,2020-09-29
0,0,0,2020-09-30
0,0,0,2020-10-01
0,0,0,2020-10-02
0,0,0,2020-10-03
0,0,0,2020-10-04
0,0,0,2020-10-05
0,0,0,2020-10-06
0,0,0,2020-10-07
6,0,6,2020-10-08
20,0,20,2020-10-09
18,0,18,2020-10-10
20,0,20,2020-10-11
14,0,14,2020-10-12
0,0,0,2020-10-13
4,0,4,2020-10-14
13,0,13,2020-10-15
13,0,13,2020-10-16
14,0,14,2020-10-17
21,0,21,2020-10-18
17,0,17,2020-10-19
14,0,14,2020-10-20
14,2,12,2020-10-21
12,0,12,2020-10-22
17,7,10,2020-10-23
18,6,12,2020-10-24
19,0,19,2020-10-25
22,0,22,2020-10-26
41,9,32,2020-10-27
35,0,35,2020-10-28
42,0,42,2020-10-29
34,0,34,2020-10-30
26,0,26,2020-10-31
5,0,5,2020-11-01
9,9,0,2020-11-02
16,0,16,2020-11-03
26,0,26,2020-11-04
31,4,27,2020-11-05
41,13,28,2020-11-06
38,4,34,2020-11-07
44,13,31,2020-11-08
29,0,29,2020-11-09
29,0,29,2020-11-10
29,0,29,2020-11-11
32,0,32,2020-11-12
26,0,26,2020-11-13
20,0,20,2020-11-14
5,0,5,2020-11-15
0,0,0,2020-11-16
10,0,10,2020-11-17
13,0,13,2020-11-18
13,0,13,2020-11-19
13,0,13,2020-11-20
26,14,12,2020-11-21
34,15,19,2020-11-22
48,5,43,2020-11-23
44,0,44,2020-11-24
53,0,53,2020-11-25
58,0,58,2020-11-26
75,5,70,2020-11-27
86,9,77,2020-11-28
96,12,84,2020-11-29
87,12,75,2020-11-30
56,0,56,2020-12-01
48,0,48,2020-12-02
45,0,45,2020-12-03
41,0,41,2020-12-04
37,0,37,2020-12-05
25,0,25,2020-12-06
21,0,21,2020-12-07
14,0,14,2020-12-08
14,0,14,2020-12-09
12,0,12,2020-12-10
12,0,12,2020-12-11
11,0,11,2020-12-12
11,0,11,2020-12-13
13,0,13,2020-12-14
20,0,20,2020-12-15
14,0,14,2020-12-16
13,0,13,2020-12-17
7,0,7,2020-12-18
0,0,0,2020-12-19
0,0,0,2020-12-20
12,0,12,2020-12-21
12,0,12,2020-12-22
24,0,24,2020-12-23
28,0,28,2020-12-24
31,0,31,2020-12-25
35,0,35,2020-12-26
33,0,33,2020-12-27
30,0,30,2020-12-28
32,0,32,2020-12-29
32,0,32,2020-12-30
34,1,33,2020-12-31
24,0,24,2021-01-01
17,0,17,2021-01-02
0,0,0,2021-01-03
0,0,0,2021-01-04
0,0,0,2021-01-05
0,0,0,2021-01-06
0,0,0,2021-01-07
0,0,0,2021-01-08
0,0,0,2021-01-09
0,0,0,2021-01-10
0,0,0,2021-01-11
0,0,0,2021-01-12
0,0,0,2021-01-13
3,0,3,2021-01-14
14,0,14,2021-01-15
12,0,12,2021-01-16
14,0,14,2021-01-17
12,0,12,2021-01-18
20,0,20,2021-01-19
21,0,21,2021-01-20
25,0,25,2021-01-21
35,10,25,2021-01-22
32,10,22,2021-01-23
23,9,14,2021-01-24
27,14,13,2021-01-25
17,5,12,2021-01-26
20,9,11,2021-01-27
7,7,0,2021-01-28
0,0,0,2021-01-29
0,0,0,2021-01-30
0,0,0,2021-01-31
0,0,0,2021-02-01
9,9,0,2021-02-02
7,7,0,2021-02-03
0,0,0,2021-02-04
0,0,0,2021-02-05
0,0,0,2021-02-06
0,0,0,2021-02-07
2,0,2,2021-02-08
2,0,2,2021-02-09
0,0,0,2021-02-10
0,0,0,2021-02-11
0,0,0,2021-02-12
0,0,0,2021-02-13
0,0,0,2021-02-14
0,0,0,2021-02-15
0,0,0,2021-02-16
0,0,0,2021-02-17
10,10,0,2021-02-18
9,9,0,2021-02-19
9,9,0,2021-02-20
10,10,0,2021-02-21
16,12,4,2021-02-22
36,18,18,2021-02-23
38,22,16,2021-02-24
34,22,12,2021-02-25
18,18,0,2021-02-26
17,17,0,2021-02-27
13,13,0,2021-02-28
10,0,10,2021-03-01
16,0,16,2021-03-02
35,0,35,2021-03-03
30,0,30,2021-03-04
13,0,13,2021-03-05
7,0,7,2021-03-06
21,0,21,2021-03-07
14,0,14,2021-03-08
15,9,6,2021-03-09
17,11,6,2021-03-10
22,11,11,2021-03-11
14,14,0,2021-03-12
11,11,0,2021-03-13
23,11,12,2021-03-14
24,7,17,2021-03-15
19,19,0,2021-03-16
13,13,0,2021-03-17
13,13,0,2021-03-18
13,13,0,2021-03-19
11,11,0,2021-03-20
8,8,0,2021-03-21
22,22,0,2021-03-22
27,27,0,2021-03-23
30,30,0,2021-03-24
27,27,0,2021-03-25
25,25,0,2021-03-26
19,19,0,2021-03-27
12,12,0,2021-03-28
12,12,0,2021-03-29
9,9,0,2021-03-30
0,0,0,2021-03-31
0,0,0,2021-04-01
0,0,0,2021-04-02
4,4,0,2021-04-03
12,12,0,2021-04-04
11,11,0,2021-04-05
6,6,0,2021-04-06
0,0,0,2021-04-07
0,0,0,2021-04-08
0,0,0,2021-04-09
0,0,0,2021-04-10
10,0,10,2021-04-11
14,0,14,2021-04-12
19,0,19,2021-04-13
21,0,21,2021-04-14
25,0,25,2021-04-15
35,0,35,2021-04-16
15,0,15,2021-04-17
18,0,18,2021-04-18
36,17,19,2021-04-19
57,27,30,2021-04-20
46,16,30,2021-04-21
44,12,32,2021-04-22
37,4,33,2021-04-23
54,8,46,2021-04-24
55,3,52,2021-04-25
50,0,50,2021-04-26
55,0,55,2021-04-27
46,0,46,2021-04-28
37,0,37,2021-04-29
28,0,28,2021-04-30
10,0,10,2021-05-01
0,0,0,2021-05-02
0,0,0,2021-05-03
0,0,0,2021-05-04
0,0,0,2021-05-05
0,0,0,2021-05-06
10,10,0,2021-05-07
17,17,0,2021-05-08
20,20,0,2021-05-09
34,20,14,2021-05-10
32,19,13,2021-05-11
33,20,13,2021-05-12
30,17,13,2021-05-13
26,15,11,2021-05-14
28,19,9,2021-05-15
13,13,0,2021-05-16
14,14,0,2021-05-17
28,28,0,2021-05-18
27,27,0,2021-05-19
20,14,6,2021-05-20
14,14,0,2021-05-21
19,19,0,2021-05-22
27,27,0,2021-05-23
31,31,0,2021-05-24
41,41,0,2021-05-25
41,41,0,2021-05-26
41,41,0,2021-05-27
31,31,0,2021-05-28
15,15,0,2021-05-29
26,19,7,2021-05-30
30,21,9,2021-05-31
22,19,3,2021-06-01
29,17,12,2021-06-02
31,16,15,2021-06-03
35,18,17,2021-06-04
38,20,18,2021-06-05
38,11,27,2021-06-06
49,19,30,2021-06-07
34,4,30,2021-06-08
25,10,15,2021-06-09
27,15,12,2021-06-10
19,11,8,2021-06-11
8,8,0,2021-06-12
15,15,0,2021-06-13
12,12,0,2021-06-14
11,11,0,2021-06-15
11,11,0,2021-06-16
12,12,0,2021-06-17
21,21,0,2021-06-18
15,15,0,2021-06-19
14,14,0,2021-06-20
13,13,0,2021-06-21
16,16,0,2021-06-22
12,12,0,2021-06-23
11,11,0,2021-06-24
23,10,13,2021-06-25
19,1,18,2021-06-26
33,2,31,2021-06-27
46,11,35,2021-06-28
56,12,44,2021-06-29
54,13,41,2021-06-30
57,17,40,2021-07-01
62,19,43,2021-07-02
60,22,38,2021-07-03
50,28,22,2021-07-04
45,27,18,2021-07-05
49,31,18,2021-07-06
20,20,0,2021-07-07
16,16,0,2021-07-08
11,4,7,2021-07-09
15,3,12,2021-07-10
21,12,9,2021-07-11
23,11,12,2021-07-12
21,13,8,2021-07-13
30,17,13,2021-07-14
22,13,9,2021-07-15
35,13,22,2021-07-16
49,20,29,2021-07-17
48,20,28,2021-07-18
48,33,15,2021-07-19
46,37,9,2021-07-20
72,48,24,2021-07-21
76,42,34,2021-07-22
57,32,25,2021-07-23
32,19,13,2021-07-24
36,18,18,2021-07-25
31,14,17,2021-07-26
18,9,9,2021-07-27
6,0,6,2021-07-28
3,0,3,2021-07-29
0,0,0,2021-07-30
3,3,0,2021-07-31
8,4,4,2021-08-01
13,0,13,2021-08-02
17,0,17,2021-08-03
17,0,17,2021-08-04
22,8,14,2021-08-05
8,8,0,2021-08-06
0,0,0,2021-08-07
0,0,0,2021-08-08
7,7,0,2021-08-09
0,0,0,2021-08-10
18,9,9,2021-08-11
7,7,0,2021-08-12
9,9,0,2021-08-13
19,19,0,2021-08-14
21,21,0,2021-08-15
20,20,0,2021-08-16
15,15,0,2021-08-17
13,13,0,2021-08-18
22,22,0,2021-08-19
12,12,0,2021-08-20
16,16,0,2021-08-21
19,19,0,2021-08-22
16,16,0,2021-08-23
20,16,4,2021-08-24
36,15,21,2021-08-25
48,23,25,2021-08-26
71,27,44,2021-08-27
75,24,51,2021-08-28
51,12,39,2021-08-29
43,12,31,2021-08-30
39,11,28,2021-08-31
38,9,29,2021-09-01
33,0,33,2021-09-02
26,5,21,2021-09-03
71,29,42,2021-09-04
74,20,54,2021-09-05
83,22,61,2021-09-06
84,19,65,2021-09-07
97,15,82,2021-09-08
101,12,89,2021-09-09
96,12,84,2021-09-10
72,9,63,2021-09-11
49,0,49,2021-09-12
33,0,33,2021-09-13
23,0,23,2021-09-14
10,0,10,2021-09-15
0,0,0,2021-09-16
0,0,0,2021-09-17
0,0,0,2021-09-18
13,0,13,2021-09-19
43,28,15,2021-09-20
65,32,33,2021-09-21
81,34,47,2021-09-22
70,41,29,2021-09-23
60,33,27,2021-09-24
45,20,25,2021-09-25
50,15,35,2021-09-26
50,10,40,2021-09-27
57,25,32,2021-09-28
70,33,37,2021-09-29
45,22,23,2021-09-30
38,21,17,2021-10-01
34,19,15,2021-10-02
27,27,0,2021-10-03
35,35,0,2021-10-04
30,30,0,2021-10-05
26,26,0,2021-10-06
16,16,0,2021-10-07
19,19,0,2021-10-08
23,21,2,2021-10-09
38,26,12,2021-10-10
30,19,11,2021-10-11
17,17,0,2021-10-12
20,20,0,2021-10-13
20,20,0,2021-10-14
12,12,0,2021-10-15
11,11,0,2021-10-16
0,0,0,2021-10-17
17,7,10,2021-10-18
13,0,13,2021-10-19
12,0,12,2021-10-20
17,5,12,2021-10-21
36,7,29,2021-10-22
48,6,42,2021-10-23
40,0,40,2021-10-24
66,0,66,2021-10-25
90,0,90,2021-10-26
103,14,89,2021-10-27
97,18,79,2021-10-28
82,24,58,2021-10-29
76,40,36,2021-10-30
65,45,20,2021-10-31
51,35,16,2021-11-01
43,32,11,2021-11-02
33,29,4,2021-11-03
28,28,0,2021-11-04
37,27,10,2021-11-05
34,22,12,2021-11-06
30,15,15,2021-11-07
40,27,13,2021-11-08
44,32,12,2021-11-09
41,29,12,2021-11-10
43,30,13,2021-11-11
36,23,13,2021-11-12
27,11,16,2021-11-13
20,0,20,2021-11-14
24,0,24,2021-11-15
32,10,22,2021-11-16
29,11,18,2021-11-17
23,11,12,2021-11-18
22,11,11,2021-11-19
22,11,11,2021-11-20
23,11,12,2021-11-21
23,12,11,2021-11-22
33,12,21,2021-11-23
43,10,33,2021-11-24
26,0,26,2021-11-25
44,3,41,2021-11-26
41,0,41,2021-11-27
48,9,39,2021-11-28
44,12,32,2021-11-29
59,25,34,2021-11-30
43,17,26,2021-12-01
38,19,19,2021-12-02
29,14,15,2021-12-03
19,14,5,2021-12-04
24,6,18,2021-12-05
13,0,13,2021-12-06
12,0,12,2021-12-07
6,0,6,2021-12-08
0,0,0,2021-12-09
0,0,0,2021-12-10
0,0,0,2021-12-11
13,0,13,2021-12-12
24,7,17,2021-12-13
46,0,46,2021-12-14
78,7,71,2021-12-15
107,17,90,2021-12-16
111,27,84,2021-12-17
109,25,84,2021-12-18
118,24,94,2021-12-19
121,28,93,2021-12-20
132,34,98,2021-12-21
150,46,104,2021-12-22
145,39,106,2021-12-23
118,32,86,2021-12-24
114,35,79,2021-12-25
95,31,64,2021-12-26
107,45,62,2021-12-27
103,47,56,2021-12-28
87,39,48,2021-12-29
69,25,44,2021-12-30
60,9,51,2021-12-31
48,2,46,2022-01-01
27,0,27,2022-01-02
10,0,10,2022-01-03
10,0,10,2022-01-04
23,0,23,2022-01-05
34,0,34,2022-01-06
44,0,44,2022-01-07
44,0,44,2022-01-08
54,7,47,2022-01-09
54,6,48,2022-01-10
51,12,39,2022-01-11
76,19,57,2022-01-12
85,29,56,2022-01-13
98,47,51,2022-01-14
95,59,36,2022-01-15
102,61,41,2022-01-16
80,48,32,2022-01-17
66,35,31,2022-01-18
58,29,29,2022-01-19
57,24,33,2022-01-20
23,0,23,2022-01-21
24,0,24,2022-01-22
20,0,20,2022-01-23
33,22,11,2022-01-24
52,29,23,2022-01-25
69,40,29,2022-01-26
81,52,29,2022-01-27
72,48,24,2022-01-28
66,46,20,2022-01-29
83,59,24,2022-01-30
75,47,28,2022-01-31
77,53,24,2022-02-01
72,58,14,2022-02-02
80,62,18,2022-02-03
100,74,26,2022-02-04
91,67,24,2022-02-05
78,52,26,2022-02-06
76,47,29,2022-02-07
75,45,30,2022-02-08
68,43,25,2022-02-09
72,40,32,2022-02-10
75,29,46,2022-02-11
54,20,34,2022-02-12
46,21,25,2022-02-13
63,32,31,2022-02-14
81,39,42,2022-02-15
87,34,53,2022-02-16
80,24,56,2022-02-17
49,16,33,2022-02-18
42,14,28,2022-02-19
48,24,24,2022-02-20
48,30,18,2022-02-21
38,38,0,2022-02-22
36,36,0,2022-02-23
32,32,0,2022-02-24
23,23,0,2022-02-25
25,25,0,2022-02-26
32,27,5,2022-02-27
56,46,10,2022-02-28
72,55,17,2022-03-01
78,47,31,2022-03-02
88,37,51,2022-03-03
87,25,62,2022-03-04
85,21,64,2022-03-05
79,21,58,2022-03-06
89,16,73,2022-03-07
91,20,71,2022-03-08
89,29,60,2022-03-09
94,33,61,2022-03-10
91,35,56,2022-03-11
91,47,44,2022-03-12
85,53,32,2022-03-13
84,51,33,2022-03-14
75,47,28,2022-03-15
62,52,10,2022-03-16
50,45,5,2022-03-17
35,33,2,2022-03-18
36,21,15,2022-03-19
52,23,29,2022-03-20
51,16,35,2022-03-21
47,6,41,2022-03-22
49,20,29,2022-03-23
51,36,15,2022-03-24
51,36,15,2022-03-25
61,47,14,2022-03-26
96,69,27,2022-03-27
137,84,53,2022-03-28
142,85,57,2022-03-29
115,64,51,2022-03-30
124,60,64,2022-03-31
130,64,66,2022-04-01
121,52,69,2022-04-02
118,38,80,2022-04-03
82,21,61,2022-04-04
86,21,65,2022-04-05
74,16,58,2022-04-06
57,4,53,2022-04-07
53,14,39,2022-04-08
38,15,23,2022-04-09
21,14,7,2022-04-10
11,11,0,2022-04-11
14,14,0,2022-04-12
33,29,4,2022-04-13
41,28,13,2022-04-14
46,30,16,2022-04-15
64,48,16,2022-04-16
86,55,31,2022-04-17
100,64,36,2022-04-18
95,80,15,2022-04-19
99,86,13,2022-04-20
113,97,16,2022-04-21
111,97,14,2022-04-22
126,106,20,2022-04-23
129,108,21,2022-04-24
119,104,15,2022-04-25
132,95,37,2022-04-26
133,89,44,2022-04-27
134,87,47,2022-04-28
105,49,56,2022-04-29
50,17,33,2022-04-30
36,9,27,2022-05-01
32,3,29,2022-05-02
76,12,64,2022-05-03
77,0,77,2022-05-04
78,0,78,2022-05-05
76,0,76,2022-05-06
64,0,64,2022-05-07
80,13,67,2022-05-08
71,4,67,2022-05-09
57,0,57,2022-05-10
80,19,61,2022-05-11
112,32,80,2022-05-12
125,28,97,2022-05-13
131,36,95,2022-05-14
145,47,98,2022-05-15
149,58,91,2022-05-16
146,62,84,2022-05-17
131,60,71,2022-05-18
144,85,59,2022-05-19
132,87,45,2022-05-20
154,109,45,2022-05-21
162,121,41,2022-05-22
144,103,41,2022-05-23
132,84,48,2022-05-24
106,54,52,2022-05-25
81,43,38,2022-05-26
59,22,37,2022-05-27
42,13,29,2022-05-28
43,14,29,2022-05-29
58,28,30,2022-05-30
69,29,40,2022-05-31
62,25,37,2022-06-01
59,21,38,2022-06-02
56,17,39,2022-06-03
66,19,47,2022-06-04
49,4,45,2022-06-05
32,0,32,2022-06-06
7,0,7,2022-06-07
3,0,3,2022-06-08
21,1,20,2022-06-09
46,24,22,2022-06-10
39,20,19,2022-06-11
53,33,20,2022-06-12
94,56,38,2022-06-13
123,66,57,2022-06-14
148,75,73,2022-06-15
150,78,72,2022-06-16
152,89,63,2022-06-17
147,98,49,2022-06-18
118,85,33,2022-06-19
96,75,21,2022-06-20
96,67,29,2022-06-21
89,60,29,2022-06-22
70,42,28,2022-06-23
61,37,24,2022-06-24
47,27,20,2022-06-25
33,16,17,2022-06-26
52,26,26,2022-06-27
62,25,37,2022-06-28
37,13,24,2022-06-29
42,15,27,2022-06-30
58,18,40,2022-07-01
64,11,53,2022-07-02
56,20,36,2022-07-03
59,31,28,2022-07-04
78,54,24,2022-07-05
82,73,9,2022-07-06
97,81,16,2022-07-07
87,70,17,2022-07-08
93,73,20,2022-07-09
107,70,37,2022-07-10
125,75,50,2022-07-11
114,63,51,2022-07-12
116,60,56,2022-07-13
123,60,63,2022-07-14
135,64,71,2022-07-15
151,75,76,2022-07-16
138,71,67,2022-07-17
124,67,57,2022-07-18
111,70,41,2022-07-19
133,88,45,2022-07-20
110,73,37,2022-07-21
98,65,33,2022-07-22
97,56,41,2022-07-23
80,42,38,2022-07-24
86,36,50,2022-07-25
91,36,55,2022-07-26
60,13,47,2022-07-27
42,8,34,2022-07-28
43,8,35,2022-07-29
42,2,40,2022-07-30
34,0,34,2022-07-31
27,5,22,2022-08-01
33,0,33,2022-08-02
36,0,36,2022-08-03
42,0,42,2022-08-04
71,0,71,2022-08-05
72,0,72,2022-08-06
85,26,59,2022-08-07
80,27,53,2022-08-08
61,20,41,2022-08-09
63,15,48,2022-08-10
71,19,52,2022-08-11
102,31,71,2022-08-12
109,46,63,2022-08-13
110,53,57,2022-08-14
110,54,56,2022-08-15
123,55,68,2022-08-16
111,49,62,2022-08-17
87,34,53,2022-08-18
83,35,48,2022-08-19
74,29,45,2022-08-20
58,41,17,2022-08-21
71,53,18,2022-08-22
50,27,23,2022-08-23
60,23,37,2022-08-24
93,27,66,2022-08-25
94,16,78,2022-08-26
94,14,80,2022-08-27
83,11,72,2022-08-28
70,10,60,2022-08-29
48,0,48,2022-08-30
43,10,33,2022-08-31
62,8,54,2022-09-01
63,4,59,2022-09-02
68,12,56,2022-09-03
72,13,59,2022-09-04
83,21,62,2022-09-05
75,37,38,2022-09-06
96,55,41,2022-09-07
97,65,32,2022-09-08
103,74,29,2022-09-09
117,77,40,2022-09-10
128,91,37,2022-09-11
141,88,53,2022-09-12
118,60,58,2022-09-13
91,39,52,2022-09-14
101,33,68,2022-09-15
92,16,76,2022-09-16
86,2,84,2022-09-17
73,0,73,2022-09-18
70,0,70,2022-09-19
68,0,68,2022-09-20
84,0,84,2022-09-21
105,18,87,2022-09-22
131,32,99,2022-09-23
147,43,104,2022-09-24
135,45,90,2022-09-25
132,39,93,2022-09-26
108,39,69,2022-09-27
85,33,52,2022-09-28
72,31,41,2022-09-29
76,44,32,2022-09-30
110,74,36,2022-10-01
128,105,23,2022-10-02
165,127,38,2022-10-03
167,128,39,2022-10-04
164,127,37,2022-10-05
162,124,38,2022-10-06
163,135,28,2022-10-07
154,139,15,2022-10-08
129,126,3,2022-10-09
120,120,0,2022-10-10
106,102,4,2022-10-11
103,88,15,2022-10-12
83,71,12,2022-10-13
82,61,21,2022-10-14
46,43,3,2022-10-15
75,47,28,2022-10-16
73,33,40,2022-10-17
50,12,38,2022-10-18
49,0,49,2022-10-19
36,0,36,2022-10-20
57,0,57,2022-10-21
70,0,70,2022-10-22
52,0,52,2022-10-23
54,13,41,2022-10-24
78,28,50,2022-10-25
83,32,51,2022-10-26
86,41,45,2022-10-27
89,47,42,2022-10-28
87,66,21,2022-10-29
75,67,8,2022-10-30
63,55,8,2022-10-31
85,56,29,2022-11-01
98,72,26,2022-11-02
78,62,16,2022-11-03
103,89,14,2022-11-04
115,102,13,2022-11-05
96,84,12,2022-11-06
100,86,14,2022-11-07
103,82,21,2022-11-08
98,79,19,2022-11-09
85,77,8,2022-11-10
74,74,0,2022-11-11
88,88,0,2022-11-12
111,111,0,2022-11-13
96,96,0,2022-11-14
86,86,0,2022-11-15
90,70,20,2022-11-16
59,34,25,2022-11-17
57,25,32,2022-11-18
75,40,35,2022-11-19
87,49,38,2022-11-20
77,41,36,2022-11-21
73,28,45,2022-11-22
71,27,44,2022-11-23
76,37,39,2022-11-24
72,35,37,2022-11-25
78,40,38,2022-11-26
72,37,35,2022-11-27
56,33,23,2022-11-28
28,17,11,2022-11-29
28,20,8,2022-11-30
51,24,27,2022-12-01
71,38,33,2022-12-02
75,43,32,2022-12-03
93,65,28,2022-12-04
103,77,26,2022-12-05
119,83,36,2022-12-06
127,96,31,2022-12-07
128,90,38,2022-12-08
111,75,36,2022-12-09
122,74,48,2022-12-10
140,57,83,2022-12-11
157,64,93,2022-12-12
159,68,91,2022-12-13
148,45,103,2022-12-14
141,33,108,2022-12-15
131,30,101,2022-12-16
131,41,90,2022-12-17
127,42,85,2022-12-18
113,44,69,2022-12-19
112,46,66,2022-12-20
100,41,59,2022-12-21
98,57,41,2022-12-22
85,54,31,2022-12-23
93,66,27,2022-12-24
105,67,38,2022-12-25
115,81,34,2022-12-26
94,77,17,2022-12-27
103,72,31,2022-12-28
123,80,43,2022-12-29
124,92,32,2022-12-30
98,80,18,2022-12-31
108,78,30,2023-01-01
109,75,34,2023-01-02
108,68,40,2023-01-03
96,55,41,2023-01-04
112,39,73,2023-01-05
131,27,104,2023-01-06
133,22,111,2023-01-07
135,20,115,2023-01-08
148,35,113,2023-01-09
179,54,125,2023-01-10
168,55,113,2023-01-11
171,59,112,2023-01-12
178,73,105,2023-01-13
189,90,99,2023-01-14
199,78,121,2023-01-15
190,84,106,2023-01-16
188,100,88,2023-01-17
195,116,79,2023-01-18
205,136,69,2023-01-19
206,142,64,2023-01-20
195,134,61,2023-01-21
166,120,46,2023-01-22
162,118,44,2023-01-23
151,119,32,2023-01-24
137,121,16,2023-01-25
110,110,0,2023-01-26
86,86,0,2023-01-27
85,73,12,2023-01-28
79,55,24,2023-01-29
76,30,46,2023-01-30
80,32,48,2023-01-31
72,34,38,2023-02-01
58,26,32,2023-02-02
64,23,41,2023-02-03
71,19,52,2023-02-04
74,16,58,2023-02-05
111,60,51,2023-02-06
107,78,29,2023-02-07
125,87,38,2023-02-08
129,92,37,2023-02-09
163,120,43,2023-02-10
166,112,54,2023-02-11
159,102,57,2023-02-12
177,105,72,2023-02-13
159,87,72,2023-02-14
121,69,52,2023-02-15
91,49,42,2023-02-16
86,49,37,2023-02-17
104,54,50,2023-02-18
107,59,48,2023-02-19
112,74,38,2023-02-20
104,78,26,2023-02-21
86,61,25,2023-02-22
90,65,25,2023-02-23
117,69,48,2023-02-24
127,77,50,2023-02-25
119,66,53,2023-02-26
126,69,57,2023-02-27
91,53,38,2023-02-28
93,64,29,2023-03-01
100,79,21,2023-03-02
119,84,35,2023-03-03
127,86,41,2023-03-04
151,102,49,2023-03-05
185,116,69,2023-03-06
186,115,71,2023-03-07
166,96,70,2023-03-08
156,80,76,2023-03-09
148,70,78,2023-03-10
149,66,83,2023-03-11
136,55,81,2023-03-12
104,27,77,2023-03-13
115,24,91,2023-03-14
107,20,87,2023-03-15
94,13,81,2023-03-16
72,14,58,2023-03-17
44,0,44,2023-03-18
73,17,56,2023-03-19
83,19,64,2023-03-20
96,24,72,2023-03-21
104,23,81,2023-03-22
112,35,77,2023-03-23
149,60,89,2023-03-24
153,69,84,2023-03-25
154,74,80,2023-03-26
158,81,77,2023-03-27
148,81,67,2023-03-28
158,82,76,2023-03-29
108,69,39,2023-03-30
75,55,20,2023-03-31
47,26,21,2023-04-01
44,14,30,2023-04-02
61,17,44,2023-04-03
65,20,45,2023-04-04
53,20,33,2023-04-05
49,9,40,2023-04-06
48,7,41,2023-04-07
48,0,48,2023-04-08
60,13,47,2023-04-09
90,40,50,2023-04-10
109,49,60,2023-04-11
130,55,75,2023-04-12
150,38,112,2023-04-13
163,43,120,2023-04-14
177,62,115,2023-04-15
183,65,118,2023-04-16
149,45,104,2023-04-17
135,41,94,2023-04-18
103,34,69,2023-04-19
103,38,65,2023-04-20
104,37,67,2023-04-21
97,29,68,2023-04-22
83,22,61,2023-04-23
73,15,58,2023-04-24
73,18,55,2023-04-25
97,55,42,2023-04-26
109,57,52,2023-04-27
111,53,58,2023-04-28
111,58,53,2023-04-29
102,43,59,2023-04-30
104,63,41,2023-05-01
123,79,44,2023-05-02
124,87,37,2023-05-03
138,95,43,2023-05-04
115,81,34,2023-05-05
116,79,37,2023-05-06
133,91,42,2023-05-07
128,91,37,2023-05-08
176,142,34,2023-05-09
165,131,34,2023-05-10
157,130,27,2023-05-11
145,127,18,2023-05-12
133,106,27,2023-05-13
131,98,33,2023-05-14
113,82,31,2023-05-15
106,78,28,2023-05-16
110,73,37,2023-05-17
120,76,44,2023-05-18
142,95,47,2023-05-19
144,108,36,2023-05-20
146,108,38,2023-05-21
136,93,43,2023-05-22
127,74,53,2023-05-23
151,78,73,2023-05-24
150,72,78,2023-05-25
145,76,69,2023-05-26
137,74,63,2023-05-27
144,79,65,2023-05-28
158,99,59,2023-05-29
166,104,62,2023-05-30
177,88,89,2023-05-31
153,65,88,2023-06-01
145,62,83,2023-06-02
143,69,74,2023-06-03
144,59,85,2023-06-04
158,63,95,2023-06-05
185,87,98,2023-06-06
198,89,109,2023-06-07
181,65,116,2023-06-08
167,58,109,2023-06-09
148,44,104,2023-06-10
146,46,100,2023-06-11
114,33,81,2023-06-12
93,35,58,2023-06-13
117,41,76,2023-06-14
122,45,77,2023-06-15
131,44,87,2023-06-16
130,27,103,2023-06-17
160,51,109,2023-06-18
182,60,122,2023-06-19
206,88,118,2023-06-20
217,110,107,2023-06-21
240,134,106,2023-06-22
228,121,107,2023-06-23
223,137,86,2023-06-24
204,131,73,2023-06-25
171,105,66,2023-06-26
156,98,58,2023-06-27
136,88,48,2023-06-28
111,83,28,2023-06-29
106,62,44,2023-06-30
136,62,74,2023-07-01
148,58,90,2023-07-02
154,62,92,2023-07-03
140,61,79,2023-07-04
135,49,86,2023-07-05
145,48,97,2023-07-06
159,56,103,2023-07-07
177,77,100,2023-07-08
180,84,96,2023-07-09
191,83,108,2023-07-10
210,93,117,2023-07-11
196,90,106,2023-07-12
152,79,73,2023-07-13
152,71,81,2023-07-14
127,68,59,2023-07-15
166,106,60,2023-07-16
159,104,55,2023-07-17
168,102,66,2023-07-18
165,109,56,2023-07-19
177,123,54,2023-07-20
150,109,41,2023-07-21
140,101,39,2023-07-22
144,91,53,2023-07-23
140,76,64,2023-07-24
138,74,64,2023-07-25
153,80,73,2023-07-26
146,76,70,2023-07-27
165,68,97,2023-07-28
178,70,108,2023-07-29
181,81,100,2023-07-30
187,99,88,2023-07-31
180,93,87,2023-08-01
163,86,77,2023-08-02
145,87,58,2023-08-03
132,86,46,2023-08-04
131,96,35,2023-08-05
122,90,32,2023-08-06
126,94,32,2023-08-07
123,74,49,2023-08-08
102,59,43,2023-08-09
109,64,45,2023-08-10
105,66,39,2023-08-11
80,59,21,2023-08-12
101,64,37,2023-08-13
118,87,31,2023-08-14
122,74,48,2023-08-15
148,87,61,2023-08-16
145,89,56,2023-08-17
124,81,43,2023-08-18
130,81,49,2023-08-19
101,60,41,2023-08-20
110,67,43,2023-08-21
114,61,53,2023-08-22
105,63,42,2023-08-23
92,68,24,2023-08-24
90,60,30,2023-08-25
91,60,31,2023-08-26
84,51,33,2023-08-27
82,43,39,2023-08-28
90,41,49,2023-08-29
104,54,50,2023-08-30
89,38,51,2023-08-31
86,33,53,2023-09-01
82,38,44,2023-09-02
91,42,49,2023-09-03
102,66,36,2023-09-04
115,81,34,2023-09-05
120,101,19,2023-09-06
132,111,21,2023-09-07
117,106,11,2023-09-08
133,108,25,2023-09-09
173,119,54,2023-09-10
190,124,66,2023-09-11
145,94,51,2023-09-12
131,89,42,2023-09-13
134,97,37,2023-09-14
109,88,21,2023-09-15
88,74,14,2023-09-16
89,77,12,2023-09-17
127,100,27,2023-09-18
149,109,40,2023-09-19
170,123,47,2023-09-20
194,139,55,2023-09-21
200,137,63,2023-09-22
196,130,66,2023-09-23
176,112,64,2023-09-24
169,91,78,2023-09-25
140,72,68,2023-09-26
133,65,68,2023-09-27
116,60,56,2023-09-28
103,54,49,2023-09-29
117,68,49,2023-09-30
151,94,57,2023-10-01
168,108,60,2023-10-02
144,99,45,2023-10-03
154,91,63,2023-10-04
159,97,62,2023-10-05
158,113,45,2023-10-06
134,90,44,2023-10-07
144,92,52,2023-10-08
153,75,78,2023-10-09
132,62,70,2023-10-10
145,88,57,2023-10-11
137,81,56,2023-10-12
113,72,41,2023-10-13
111,74,37,2023-10-14
104,75,29,2023-10-15
97,67,30,2023-10-16
74,50,24,2023-10-17
66,52,14,2023-10-18
57,38,19,2023-10-19
67,54,13,2023-10-20
68,54,14,2023-10-21
55,29,26,2023-10-22
34,14,20,2023-10-23
39,14,25,2023-10-24
33,0,33,2023-10-25
54,19,35,2023-10-26
58,22,36,2023-10-27
49,35,14,2023-10-28
58,35,23,2023-10-29
73,45,28,2023-10-30
107,60,47,2023-10-31
115,59,56,2023-11-01
122,61,61,2023-11-02
121,53,68,2023-11-03
92,41,51,2023-11-04
91,40,51,2023-11-05
77,35,42,2023-11-06
78,38,40,2023-11-07
113,60,53,2023-11-08
99,56,43,2023-11-09
94,37,57,2023-11-10
81,28,53,2023-11-11
82,19,63,2023-11-12
73,15,58,2023-11-13
60,8,52,2023-11-14
33,5,28,2023-11-15
30,5,25,2023-11-16
26,0,26,2023-11-17
32,4,28,2023-11-18
68,46,22,2023-11-19
96,58,38,2023-11-20
153,78,75,2023-11-21
160,89,71,2023-11-22
186,85,101,2023-11-23
167,72,95,2023-11-24
177,78,99,2023-11-25
171,78,93,2023-11-26
158,72,86,2023-11-27
150,60,90,2023-11-28
161,68,93,2023-11-29
148,58,90,2023-11-30
123,49,74,2023-12-01
100,31,69,2023-12-02
104,26,78,2023-12-03
113,18,95,2023-12-04
107,28,79,2023-12-05
134,58,76,2023-12-06
125,55,70,2023-12-07
113,60,53,2023-12-08
127,56,71,2023-12-09
123,62,61,2023-12-10
92,60,32,2023-12-11
96,65,31,2023-12-12
110,72,38,2023-12-13
117,76,41,2023-12-14
114,72,42,2023-12-15
124,78,46,2023-12-16
112,61,51,2023-12-17
138,75,63,2023-12-18
150,89,61,2023-12-19
149,87,62,2023-12-20
152,94,58,2023-12-21
148,96,52,2023-12-22
138,93,45,2023-12-23
117,86,31,2023-12-24
113,79,34,2023-12-25
110,68,42,2023-12-26
76,36,40,2023-12-27
95,37,58,2023-12-28
83,34,49,2023-12-29
65,31,34,2023-12-30
52,21,31,2023-12-31
55,23,32,2024-01-01
68,40,28,2024-01-02
59,54,5,2024-01-03
100,80,20,2024-01-04
119,79,40,2024-01-05
148,98,50,2024-01-06
172,105,67,2024-01-07
162,97,65,2024-01-08
158,84,74,2024-01-09
178,81,97,2024-01-10
186,74,112,2024-01-11
182,70,112,2024-01-12
181,74,107,2024-01-13
161,62,99,2024-01-14
140,44,96,2024-01-15
134,45,89,2024-01-16
147,66,81,2024-01-17
130,63,67,2024-01-18
143,69,74,2024-01-19
134,50,84,2024-01-20
155,64,91,2024-01-21
166,73,93,2024-01-22
148,54,94,2024-01-23
124,49,75,2024-01-24
92,43,49,2024-01-25
83,35,48,2024-01-26
64,30,34,2024-01-27
68,32,36,2024-01-28
74,41,33,2024-01-29
74,37,37,2024-01-30
100,45,55,2024-01-31
117,70,47,2024-02-01
122,76,46,2024-02-02
124,70,54,2024-02-03
135,66,69,2024-02-04
158,69,89,2024-02-05
159,58,101,2024-02-06
148,31,117,2024-02-07
161,36,125,2024-02-08
127,27,100,2024-02-09
151,41,110,2024-02-10
162,48,114,2024-02-11
156,65,91,2024-02-12
136,78,58,2024-02-13
141,73,68,2024-02-14
150,74,76,2024-02-15
139,68,71,2024-02-16
113,55,58,2024-02-17
100,49,51,2024-02-18
73,46,27,2024-02-19
54,40,14,2024-02-20
49,49,0,2024-02-21
56,56,0,2024-02-22
104,69,35,2024-02-23
108,79,29,2024-02-24
115,84,31,2024-02-25
132,100,32,2024-02-26
120,92,28,2024-02-27
130,99,31,2024-02-28
126,96,30,2024-02-29
117,72,45,2024-03-01
96,37,59,2024-03-02
102,37,65,2024-03-03
109,50,59,2024-03-04
110,60,50,2024-03-05
100,52,48,2024-03-06
96,39,57,2024-03-07
102,40,62,2024-03-08
96,38,58,2024-03-09
77,23,54,2024-03-10
74,23,51,2024-03-11
83,35,48,2024-03-12
81,34,47,2024-03-13
68,35,33,2024-03-14
52,23,29,2024-03-15
62,27,35,2024-03-16
73,44,29,2024-03-17
120,63,57,2024-03-18
132,65,67,2024-03-19
123,38,85,2024-03-20
159,58,101,2024-03-21
163,58,105,2024-03-22
154,48,106,2024-03-23
161,55,106,2024-03-24
163,56,107,2024-03-25
138,52,86,2024-03-26
113,36,77,2024-03-27
98,27,71,2024-03-28
79,24,55,2024-03-29
51,19,32,2024-03-30
63,42,21,2024-03-31
31,31,0,2024-04-01
36,36,0,2024-04-02
37,37,0,2024-04-03
49,49,0,2024-04-04
78,62,16,2024-04-05
80,52,28,2024-04-06
83,60,23,2024-04-07
78,56,22,2024-04-08
56,39,17,2024-04-09
56,37,19,2024-04-10
91,61,30,2024-04-11
87,59,28,2024-04-12
121,61,60,2024-04-13
150,94,56,2024-04-14
171,98,73,2024-04-15
185,92,93,2024-04-16
211,99,112,2024-04-17
224,101,123,2024-04-18
242,112,130,2024-04-19
232,87,145,2024-04-20
233,95,138,2024-04-21
266,102,164,2024-04-22
268,110,158,2024-04-23
251,98,153,2024-04-24
211,79,132,2024-04-25
142,64,78,2024-04-26
138,61,77,2024-04-27
117,48,69,2024-04-28
99,49,50,2024-04-29
86,38,48,2024-04-30
119,59,60,2024-05-01
144,82,62,2024-05-02
160,106,54,2024-05-03
186,117,69,2024-05-04
185,109,76,2024-05-05
205,121,84,2024-05-06
192,96,96,2024-05-07
171,75,96,2024-05-08
181,82,99,2024-05-09
172,80,92,2024-05-10
173,76,97,2024-05-11
199,68,131,2024-05-12
244,104,140,2024-05-13
203,105,98,2024-05-14
208,96,112,2024-05-15
213,87,126,2024-05-16
203,59,144,2024-05-17
180,30,150,2024-05-18
181,32,149,2024-05-19
155,10,145,2024-05-20
177,11,166,2024-05-21
165,14,151,2024-05-22
143,12,131,2024-05-23
142,31,111,2024-05-24
112,35,77,2024-05-25
130,59,71,2024-05-26
144,90,54,2024-05-27
164,104,60,2024-05-28
169,123,46,2024-05-29
159,109,50,2024-05-30
156,110,46,2024-05-31
178,113,65,2024-06-01
205,109,96,2024-06-02
213,95,118,2024-06-03
213,82,131,2024-06-04
181,65,116,2024-06-05
158,40,118,2024-06-06
163,33,130,2024-06-07
173,34,139,2024-06-08
154,15,139,2024-06-09
124,14,110,2024-06-10
106,18,88,2024-06-11
124,22,102,2024-06-12
151,41,110,2024-06-13
158,48,110,2024-06-14
148,43,105,2024-06-15
151,50,101,2024-06-16
140,38,102,2024-06-17
133,37,96,2024-06-18
151,52,99,2024-06-19
165,50,115,2024-06-20
150,41,109,2024-06-21
159,37,122,2024-06-22
163,36,127,2024-06-23
153,23,130,2024-06-24
146,19,127,2024-06-25
179,21,158,2024-06-26
174,19,155,2024-06-27
179,18,161,2024-06-28
219,53,166,2024-06-29
212,65,147,2024-06-30
197,66,131,2024-07-01
197,65,132,2024-07-02
178,57,121,2024-07-03
138,55,83,2024-07-04
137,54,83,2024-07-05
127,53,74,2024-07-06
122,52,70,2024-07-07
112,35,77,2024-07-08
141,26,115,2024-07-09
184,38,146,2024-07-10
173,37,136,2024-07-11
166,31,135,2024-07-12
173,27,146,2024-07-13
212,41,171,2024-07-14
243,85,158,2024-07-15
285,114,171,2024-07-16
283,113,170,2024-07-17
290,112,178,2024-07-18
273,107,166,2024-07-19
227,83,144,2024-07-20
221,68,153,2024-07-21
171,49,122,2024-07-22
174,40,134,2024-07-23
170,38,132,2024-07-24
179,41,138,2024-07-25
195,39,156,2024-07-26
210,44,166,2024-07-27
201,49,152,2024-07-28
214,61,153,2024-07-29
230,64,166,2024-07-30
270,71,199,2024-07-31
260,83,177,2024-08-01
239,81,158,2024-08-02
232,86,146,2024-08-03
232,81,151,2024-08-04
213,61,152,2024-08-05
239,60,179,2024-08-06
278,77,201,2024-08-07
288,95,193,2024-08-08
264,84,180,2024-08-09
249,82,167,2024-08-10
243,83,160,2024-08-11
229,84,145,2024-08-12
209,80,129,2024-08-13
182,81,101,2024-08-14
156,68,88,2024-08-15
199,83,116,2024-08-16
197,85,112,2024-08-17
202,90,112,2024-08-18
224,102,122,2024-08-19
215,87,128,2024-08-20
209,75,134,2024-08-21
214,73,141,2024-08-22
213,76,137,2024-08-23
225,77,148,2024-08-24
205,71,134,2024-08-25
219,79,140,2024-08-26
182,60,122,2024-08-27
186,67,119,2024-08-28
151,61,90,2024-08-29
151,43,108,2024-08-30
176,35,141,2024-08-31
168,37,131,2024-09-01
182,42,140,2024-09-02
175,29,146,2024-09-03
171,15,156,2024-09-04
171,15,156,2024-09-05
177,19,158,2024-09-06
170,17,153,2024-09-07
157,35,122,2024-09-08
151,45,106,2024-09-09
141,58,83,2024-09-10
147,52,95,2024-09-11
132,42,90,2024-09-12
109,33,76,2024-09-13
107,30,77,2024-09-14
97,22,75,2024-09-15
132,34,98,2024-09-16
133,37,96,2024-09-17
102,22,80,2024-09-18
105,25,80,2024-09-19
115,36,79,2024-09-20
124,50,74,2024-09-21
131,53,78,2024-09-22
122,35,87,2024-09-23
133,29,104,2024-09-24
128,29,99,2024-09-25
136,28,108,2024-09-26
156,34,122,2024-09-27
155,35,120,2024-09-28
149,25,124,2024-09-29
165,33,132,2024-09-30
212,47,165,2024-10-01
210,62,148,2024-10-02
209,62,147,2024-10-03
211,62,149,2024-10-04
182,52,130,2024-10-05
169,42,127,2024-10-06
163,40,123,2024-10-07
142,32,110,2024-10-08
141,40,101,2024-10-09
141,41,100,2024-10-10
136,41,95,2024-10-11
126,37,89,2024-10-12
137,44,93,2024-10-13
136,30,106,2024-10-14
109,14,95,2024-10-15
119,26,93,2024-10-16
141,32,109,2024-10-17
137,21,116,2024-10-18
133,19,114,2024-10-19
132,26,106,2024-10-20
162,22,140,2024-10-21
119,8,111,2024-10-22
122,1,121,2024-10-23
136,7,129,2024-10-24
178,38,140,2024-10-25
220,48,172,2024-10-26
246,62,184,2024-10-27
246,61,185,2024-10-28
224,78,146,2024-10-29
206,80,126,2024-10-30
213,85,128,2024-10-31
